,userID,stime,etime,lon,lat,duration,grid,context_fuzzy,context_precise
2,163,2007-04-12 10:21:22,2007-04-12 14:45:23,116.33015,39.9764,15841.0,14995,"User 163 will move from grid 14995 to grid 14807, at 2007-04-13 05:27:34.","User 163 will move from grid 14995 to grid 14807, at 2007-04-13 05:27:34."
37,163,2007-04-12 14:50:29,2007-04-13 00:56:33,116.34485,39.9709333333333,36364.0,15183,"User 163 will move from grid 15183 to grid 14805, arriving around in about 13 months.","User 163 will move from grid 15183 to grid 14805, at 2008-04-28 13:16:23."
87,163,2007-04-13 01:03:19,2007-04-13 05:21:23,116.3362,39.9748666666667,15484.0,14994,"User 163 will move from grid 14994 to grid 16512, arriving around in the next month.","User 163 will move from grid 14994 to grid 16512, at 2007-05-20 10:06:32."
131,163,2007-04-13 05:27:34,2007-04-13 07:01:26,116.324766666667,39.9919333333333,5632.0,14807,"User 163 will move from grid 14807 to grid 12728, arriving around in about 6 months.","User 163 will move from grid 14807 to grid 12728, at 2007-10-19 06:19:09."
235,163,2007-05-18 15:42:17,2007-05-20 01:09:18,116.34475,39.9709666666667,120421.0,15183,"User 163 will move from grid 15183 to grid 14804, arriving around in about 13 months.","User 163 will move from grid 15183 to grid 14804, at 2008-06-14 08:03:37."
351,163,2007-05-20 01:42:59,2007-05-20 02:26:18,116.337183333333,40.0383833333333,2599.0,15001,"User 163 will move from grid 15001 to grid 16877, arriving around in about 58 months.","User 163 will move from grid 15001 to grid 16877, at 2012-02-11 18:15:39."
487,163,2007-05-20 03:33:05,2007-05-20 04:58:03,116.157366666667,40.2949166666667,5098.0,12195,"User 163 will move from grid 12195 to grid 15746, arriving around in about 4 weeks, specifically next Sunday.","User 163 will move from grid 12195 to grid 15746, at 2007-06-17 06:29:12."
561,163,2007-05-20 05:09:44,2007-05-20 06:05:44,116.148183333333,40.2998666666667,3360.0,12006,"User 163 will move from grid 12006 to grid 15183, arriving around in about 6 months.","User 163 will move from grid 12006 to grid 15183, at 2007-11-24 22:16:50."
580,163,2007-05-20 06:05:44,2007-05-20 06:56:48,116.14835,40.2994166666667,3064.0,12006,"User 163 will move from grid 12006 to grid 19164, arriving around in about 12 months.","User 163 will move from grid 12006 to grid 19164, at 2008-05-05 02:22:06."
709,163,2007-05-20 07:42:52,2007-05-20 08:39:18,116.213166666667,40.2866833333333,3386.0,13139,"User 163 will move from grid 13139 to grid 15182, arriving around in about 2 months.","User 163 will move from grid 13139 to grid 15182, at 2007-07-15 14:41:06."
961,163,2007-05-20 10:06:32,2007-05-20 11:28:09,116.431033333333,40.0292,4897.0,16512,"User 163 will move from grid 16512 to grid 15183, arriving around in about 6 months.","User 163 will move from grid 16512 to grid 15183, at 2007-11-22 21:08:07."
1082,163,2007-05-20 12:37:45,2007-05-21 00:37:30,116.343583333333,39.9664833333333,43185.0,15182,"User 163 will move from grid 15182 to grid 15183, arriving around in about 12 months.","User 163 will move from grid 15182 to grid 15183, at 2008-05-04 13:18:38."
1188,163,2007-06-11 12:36:12,2007-06-12 02:08:24,116.34515,39.9709833333333,48732.0,15183,"User 163 will move from grid 15183 to grid 17075, arriving around in about 61 months.","User 163 will move from grid 15183 to grid 17075, at 2012-06-02 16:38:50."
1241,163,2007-06-12 02:16:09,2007-06-12 13:18:49,116.333216666667,39.97515,39760.0,14994,"User 163 will move from grid 14994 to grid 17069, arriving around in about 13 months.","User 163 will move from grid 14994 to grid 17069, at 2008-07-05 15:29:11."
1280,163,2007-06-12 13:24:01,2007-06-13 01:33:00,116.34485,39.9708666666667,43739.0,15183,"User 163 will move from grid 15183 to grid 15554, arriving around in about 6 months.","User 163 will move from grid 15183 to grid 15554, at 2007-12-01 12:57:38."
1333,163,2007-06-13 01:39:19,2007-06-13 06:31:22,116.334766666667,39.9752333333333,17523.0,14994,"User 163 will move from grid 14994 to grid 15554, arriving around in about 12 months.","User 163 will move from grid 14994 to grid 15554, at 2008-06-07 10:15:54."
1367,163,2007-06-13 06:44:11,2007-06-13 14:41:29,116.39575,39.9883666666667,28638.0,15941,"User 163 will move from grid 15941 to grid 16501, at 2007-07-14 02:20:02.","User 163 will move from grid 15941 to grid 16501, at 2007-07-14 02:20:02."
1400,163,2007-06-13 14:53:21,2007-06-14 00:41:22,116.344833333333,39.97095,35281.0,15183,"User 163 will move from grid 15183 to grid 15180, at 2007-07-13 10:59:17.","User 163 will move from grid 15183 to grid 15180, at 2007-07-13 10:59:17."
1455,163,2007-06-14 00:46:50,2007-06-14 10:27:40,116.33665,39.9753,34850.0,14994,"User 163 will move from grid 14994 to grid 14616, arriving around in about 11 months.","User 163 will move from grid 14994 to grid 14616, at 2008-04-29 00:50:29."
1508,163,2007-06-14 10:54:04,2007-06-14 11:41:45,116.450566666667,39.9817166666667,2861.0,16885,"User 163 will move from grid 16885 to grid 17077, arriving around in about 45 months.","User 163 will move from grid 16885 to grid 17077, at 2011-02-13 03:34:06."
1546,163,2007-06-14 11:42:03,2007-06-14 14:41:16,116.4522,39.9889333333333,10753.0,16886,"User 163 will move from grid 16886 to grid 12728, arriving around in about 4 months.","User 163 will move from grid 16886 to grid 12728, at 2007-10-19 09:35:42."
1575,163,2007-06-14 14:54:20,2007-06-15 01:22:56,116.344666666667,39.9665833333333,37716.0,15182,"User 163 will move from grid 15182 to grid 12914, at 2007-11-28 13:12:25.","User 163 will move from grid 15182 to grid 12914, at 2007-11-28 13:12:25."
1587,163,2007-06-15 01:27:21,2007-06-15 15:41:05,116.3278,39.9739333333333,51224.0,14805,"User 163 will move from grid 14805 to grid 17075, arriving around in about 38 months.","User 163 will move from grid 14805 to grid 17075, at 2010-07-24 02:59:36."
1622,163,2007-06-15 15:45:57,2007-06-16 06:54:48,116.344933333333,39.9709,54531.0,15183,"User 163 will move from grid 15183 to grid 14429, at 2012-01-17 13:35:25.","User 163 will move from grid 15183 to grid 14429, at 2012-01-17 13:35:25."
1638,163,2007-06-16 06:56:36,2007-06-16 10:00:38,116.327683333333,39.9735166666667,11042.0,14805,"User 163 will move from grid 14805 to grid 15932, arriving around in about 6 months.","User 163 will move from grid 14805 to grid 15932, at 2007-12-01 21:15:38."
1682,163,2007-06-16 10:00:38,2007-06-16 10:59:28,116.336833333333,39.9751333333333,3530.0,14994,"User 163 will move from grid 14994 to grid 14986, arriving around in about 53 months.","User 163 will move from grid 14994 to grid 14986, at 2011-10-29 16:33:01."
1689,163,2007-06-16 10:59:28,2007-06-16 11:38:16,116.336433333333,39.9752833333333,2328.0,14994,"User 163 will move from grid 14994 to grid 8127, arriving around in about 11 months.","User 163 will move from grid 14994 to grid 8127, at 2008-05-01 05:04:34."
1744,163,2007-06-16 11:51:14,2007-06-16 13:30:09,116.344866666667,39.9710166666667,5935.0,15183,"User 163 will move from grid 15183 to grid 16688, arriving around in about 5 months.","User 163 will move from grid 15183 to grid 16688, at 2007-11-24 16:16:46."
1813,163,2007-06-16 13:58:50,2007-06-16 14:46:15,116.423216666667,40.0310833333333,2845.0,16513,"User 163 will move from grid 16513 to grid 15935, arriving around in about 27 months.","User 163 will move from grid 16513 to grid 15935, at 2009-08-30 03:02:12."
1854,163,2007-06-16 15:15:18,2007-06-17 06:12:38,116.3178,39.9508166666667,53840.0,14803,"User 163 will move from grid 14803 to grid 14805, arriving around in about 12 months.","User 163 will move from grid 14803 to grid 14805, at 2008-06-21 16:34:14."
1882,163,2007-06-17 06:29:12,2007-06-17 09:46:46,116.38725,39.932,11854.0,15746,"User 163 will move from grid 15746 to grid 15554, arriving around in about 22 months.","User 163 will move from grid 15746 to grid 15554, at 2009-04-15 13:24:34."
1904,163,2007-06-17 09:46:46,2007-06-18 14:56:36,116.383583333333,39.9321833333333,104990.0,15746,"User 163 will move from grid 15746 to grid 15554, arriving around in about 22 months.","User 163 will move from grid 15746 to grid 15554, at 2009-04-15 10:15:29."
1940,163,2007-06-18 15:07:11,2007-06-19 02:11:55,116.344833333333,39.9708333333333,39884.0,15183,"User 163 will move from grid 15183 to grid 14993, arriving around in about 10 months.","User 163 will move from grid 15183 to grid 14993, at 2008-04-29 14:29:12."
1994,163,2007-06-19 02:20:19,2007-06-19 12:13:58,116.330733333333,39.9753,35619.0,14994,"User 163 will move from grid 14994 to grid 16128, arriving around in about 4 months.","User 163 will move from grid 14994 to grid 16128, at 2007-10-22 00:19:07."
2114,163,2007-06-19 13:27:03,2007-06-19 14:21:43,116.3364,39.97535,3280.0,14994,"User 163 will move from grid 14994 to grid 15365, arriving around in about 5 months.","User 163 will move from grid 14994 to grid 15365, at 2007-11-25 17:24:55."
2173,163,2007-06-19 14:26:47,2007-06-20 01:35:05,116.344733333333,39.9709666666667,40098.0,15183,"User 163 will move from grid 15183 to grid 14805, at 2008-04-30 01:12:57.","User 163 will move from grid 15183 to grid 14805, at 2008-04-30 01:12:57."
2276,163,2007-07-10 14:55:24,2007-07-11 01:11:02,116.344683333333,39.9709833333333,36938.0,15183,"User 163 will move from grid 15183 to grid 15183, arriving around in about 9 months.","User 163 will move from grid 15183 to grid 15183, at 2008-04-03 15:21:50."
2320,163,2007-07-11 01:14:54,2007-07-13 10:27:32,116.332216666667,39.9713166666667,205958.0,14994,"User 163 will move from grid 14994 to grid 17074, arriving around in about 37 months.","User 163 will move from grid 14994 to grid 17074, at 2010-08-08 11:28:51."
2429,163,2007-07-13 10:59:17,2007-07-13 13:22:09,116.345666666667,39.94375,8572.0,15180,"User 163 will move from grid 15180 to grid 15183, arriving around in about 5 months.","User 163 will move from grid 15180 to grid 15183, at 2007-11-28 21:47:46."
2452,163,2007-07-13 13:22:09,2007-07-13 16:54:58,116.405283333333,39.9111166666667,12769.0,16121,"User 163 will move from grid 16121 to grid 17073, arriving around in about 10 months.","User 163 will move from grid 16121 to grid 17073, at 2008-05-10 07:29:32."
2521,163,2007-07-13 17:16:15,2007-07-14 02:09:23,116.467,39.9283333333333,31988.0,17068,"User 163 will move from grid 17068 to grid 15183, arriving around in about 11 months.","User 163 will move from grid 17068 to grid 15183, at 2008-06-16 15:31:25."
2548,163,2007-07-14 02:20:02,2007-07-14 03:33:41,116.430916666667,39.9267333333333,4419.0,16501,"User 163 will move from grid 16501 to grid 15365, at 2007-07-15 03:28:49.","User 163 will move from grid 16501 to grid 15365, at 2007-07-15 03:28:49."
2589,163,2007-07-14 03:48:26,2007-07-15 02:30:54,116.466966666667,39.9277,81748.0,17068,"User 163 will move from grid 17068 to grid 15746, arriving around in about 4 months.","User 163 will move from grid 17068 to grid 15746, at 2007-11-25 18:29:29."
2710,163,2007-07-15 03:28:49,2007-07-15 05:52:28,116.360466666667,39.9110833333333,8619.0,15365,"User 163 will move from grid 15365 to grid 15183, arriving around in about 3 months.","User 163 will move from grid 15365 to grid 15183, at 2007-10-22 14:37:13."
2812,163,2007-07-15 06:34:10,2007-07-15 14:29:20,116.47215,39.9292833333333,28510.0,17257,"User 163 will move from grid 17257 to grid 17069, arriving around in about 4 months.","User 163 will move from grid 17257 to grid 17069, at 2007-11-23 21:23:54."
2835,163,2007-07-15 14:41:06,2007-07-16 11:19:21,116.344666666667,39.9666,74295.0,15182,"User 163 will move from grid 15182 to grid 18975, arriving around in about 10 months.","User 163 will move from grid 15182 to grid 18975, at 2008-05-05 01:49:40."
2877,163,2007-07-16 11:31:04,2007-07-16 23:18:02,116.344816666667,39.971,42418.0,15183,"User 163 will move from grid 15183 to grid 16695, arriving around in about 39 months.","User 163 will move from grid 15183 to grid 16695, at 2010-10-11 00:06:03."
2923,163,2007-07-16 23:24:33,2007-07-17 13:00:19,116.336733333333,39.97525,48946.0,14994,"User 163 will move from grid 14994 to grid 14800, arriving around in about 43 months.","User 163 will move from grid 14994 to grid 14800, at 2011-02-03 10:33:26."
2963,163,2007-07-17 13:05:19,2007-07-18 01:07:44,116.344916666667,39.97085,43345.0,15183,"User 163 will move from grid 15183 to grid 17069, at 2009-04-17 15:16:43.","User 163 will move from grid 15183 to grid 17069, at 2009-04-17 15:16:43."
3015,163,2007-07-18 01:16:20,2007-07-18 11:44:37,116.331433333333,39.9752833333333,37697.0,14994,"User 163 will move from grid 14994 to grid 19165, arriving around in about 10 months.","User 163 will move from grid 14994 to grid 19165, at 2008-05-05 04:42:58."
3047,163,2007-07-18 11:49:33,2007-07-19 01:03:00,116.344733333333,39.9710333333333,47607.0,15183,"User 163 will move from grid 15183 to grid 15183, arriving around in about 3 months.","User 163 will move from grid 15183 to grid 15183, at 2007-10-26 15:17:16."
3099,163,2007-07-19 01:10:42,2007-07-19 13:40:17,116.333766666667,39.97505,44975.0,14994,"User 163 will move from grid 14994 to grid 17258, arriving around in about 3 months.","User 163 will move from grid 14994 to grid 17258, at 2007-10-27 11:14:28."
3149,163,2007-07-19 13:52:16,2007-07-20 01:42:27,116.34465,39.9710166666667,42611.0,15183,"User 163 will move from grid 15183 to grid 16695, arriving around in about 39 months.","User 163 will move from grid 15183 to grid 16695, at 2010-10-12 01:43:21."
3268,163,2007-10-09 13:58:17,2007-10-10 00:51:42,116.345666666667,39.9704,39205.0,15183,"User 163 will move from grid 15183 to grid 16127, arriving around in about 50 months.","User 163 will move from grid 15183 to grid 16127, at 2011-12-03 19:14:59."
3279,163,2007-10-10 00:57:39,2007-10-10 05:02:31,116.327716666667,39.9741333333333,14692.0,14805,"User 163 will move from grid 14805 to grid 17257, at 2007-10-20 07:59:13.","User 163 will move from grid 14805 to grid 17257, at 2007-10-20 07:59:13."
3326,163,2007-10-10 05:48:49,2007-10-12 12:16:12,116.333933333333,39.9748333333333,196043.0,14994,"User 163 will move from grid 14994 to grid 14236, arriving around in about 8 months.","User 163 will move from grid 14994 to grid 14236, at 2008-06-08 09:17:12."
3345,163,2007-10-12 12:26:58,2007-10-13 05:29:49,116.471916666667,39.93235,61371.0,17258,"User 163 will move from grid 17258 to grid 15183, arriving around in about 8 months.","User 163 will move from grid 17258 to grid 15183, at 2008-06-10 15:00:54."
3418,163,2007-10-13 06:07:08,2007-10-15 01:23:03,116.333466666667,39.9751333333333,155755.0,14994,"User 163 will move from grid 14994 to grid 15554, arriving around in about 6 months.","User 163 will move from grid 14994 to grid 15554, at 2008-04-05 08:34:15."
3540,163,2007-10-15 02:36:17,2007-10-16 14:35:22,116.336133333333,39.9756,129545.0,14994,"User 163 will move from grid 14994 to grid 14805, arriving around in about 8 months.","User 163 will move from grid 14994 to grid 14805, at 2008-06-10 01:10:33."
3584,163,2007-10-16 14:41:05,2007-10-17 02:01:34,116.344883333333,39.9706166666667,40829.0,15183,"User 163 will move from grid 15183 to grid 16688, arriving around in about 53 months.","User 163 will move from grid 15183 to grid 16688, at 2012-02-14 21:03:11."
3602,163,2007-10-17 02:01:34,2007-10-17 15:06:22,116.333333333333,39.9750666666667,47088.0,14994,"User 163 will move from grid 14994 to grid 17832, arriving around in about 28 months.","User 163 will move from grid 14994 to grid 17832, at 2010-02-16 06:36:50."
3651,163,2007-10-17 15:11:55,2007-10-19 01:57:15,116.34435,39.971,125120.0,15183,"User 163 will move from grid 15183 to grid 14993, arriving around in about 6 months.","User 163 will move from grid 15183 to grid 14993, at 2008-04-30 12:33:04."
3706,163,2007-10-19 02:02:51,2007-10-19 05:26:26,116.336166666667,39.97585,12215.0,14994,"User 163 will move from grid 14994 to grid 16880, arriving around in about 6 months.","User 163 will move from grid 14994 to grid 16880, at 2008-04-26 20:10:25."
3819,163,2007-10-19 06:19:09,2007-10-19 06:54:44,116.189883333333,39.98905,2135.0,12728,"User 163 will move from grid 12728 to grid 17075, arriving around in about 43 months.","User 163 will move from grid 12728 to grid 17075, at 2011-05-08 03:32:49."
3872,163,2007-10-19 06:54:44,2007-10-19 07:41:07,116.18345,39.98525,2783.0,12538,"User 163 will move from grid 12538 to grid 16695, arriving around in about 37 months.","User 163 will move from grid 12538 to grid 16695, at 2010-10-20 00:03:26."
3942,163,2007-10-19 07:41:07,2007-10-19 08:21:13,116.172166666667,39.9890833333333,2406.0,12350,"User 163 will move from grid 12350 to grid 16125, arriving around in about 28 months.","User 163 will move from grid 12350 to grid 16125, at 2010-02-14 05:37:53."
4099,163,2007-10-19 09:35:42,2007-10-19 11:28:46,116.195716666667,39.9913,6784.0,12728,"User 163 will move from grid 12728 to grid 14805, arriving around in about 7 months.","User 163 will move from grid 12728 to grid 14805, at 2008-05-08 00:51:15."
4206,163,2007-10-19 12:16:41,2007-10-19 15:23:13,116.3272,39.9798166666667,11192.0,14806,"User 163 will move from grid 14806 to grid 15183, arriving around in the next month.","User 163 will move from grid 14806 to grid 15183, at 2007-11-27 19:49:20."
4233,163,2007-10-19 15:37:58,2007-10-20 07:59:13,116.4719,39.9322666666667,58875.0,17258,"User 163 will move from grid 17258 to grid 15374, at 2007-11-24 18:27:32.","User 163 will move from grid 17258 to grid 15374, at 2007-11-24 18:27:32."
4244,163,2007-10-20 07:59:13,2007-10-21 23:35:28,116.47195,39.9259166666667,142575.0,17257,"User 163 will move from grid 17257 to grid 16319, arriving around in about 36 months.","User 163 will move from grid 17257 to grid 16319, at 2010-10-05 07:15:03."
4323,163,2007-10-22 00:19:07,2007-10-22 14:25:23,116.40365,39.9676166666667,50776.0,16128,"User 163 will move from grid 16128 to grid 14805, arriving around in about 8 months.","User 163 will move from grid 16128 to grid 14805, at 2008-06-19 16:20:00."
4384,163,2007-10-22 14:37:13,2007-10-23 00:49:16,116.344766666667,39.9709,36723.0,15183,"User 163 will move from grid 15183 to grid 15744, arriving around in about 6 months.","User 163 will move from grid 15183 to grid 15744, at 2008-04-26 13:24:08."
4415,163,2007-10-23 00:56:31,2007-10-23 14:58:03,116.33085,39.97525,50492.0,14994,"User 163 will move from grid 14994 to grid 14417, arriving around in about 8 months.","User 163 will move from grid 14994 to grid 14417, at 2008-06-30 07:50:10."
4468,163,2007-10-23 15:03:18,2007-10-24 00:37:19,116.344166666667,39.9710166666667,34441.0,15183,"User 163 will move from grid 15183 to grid 17258, arriving around in about 7 months.","User 163 will move from grid 15183 to grid 17258, at 2008-05-10 14:38:40."
4527,163,2007-10-24 00:44:27,2007-10-25 01:06:06,116.3344,39.97525,87699.0,14994,"User 163 will move from grid 14994 to grid 15183, arriving around in about 8 months.","User 163 will move from grid 14994 to grid 15183, at 2008-07-01 14:41:43."
4576,163,2007-10-25 01:14:37,2007-10-26 01:02:08,116.336366666667,39.975,85651.0,14994,"User 163 will move from grid 14994 to grid 12728, arriving around in about 7 months.","User 163 will move from grid 14994 to grid 12728, at 2008-05-16 06:03:37."
4626,163,2007-10-26 01:12:56,2007-10-26 15:12:18,116.331766666667,39.9749166666667,50362.0,14994,"User 163 will move from grid 14994 to grid 14805, at 2008-06-28 04:50:07.","User 163 will move from grid 14994 to grid 14805, at 2008-06-28 04:50:07."
4671,163,2007-10-26 15:17:16,2007-10-27 10:58:00,116.344666666667,39.9709833333333,70844.0,15183,"User 163 will move from grid 15183 to grid 14805, arriving around in about 5 months.","User 163 will move from grid 15183 to grid 14805, at 2008-04-04 00:07:23."
4744,163,2007-10-27 11:14:28,2007-10-28 23:51:34,116.471983333333,39.9322666666667,131826.0,17258,"User 163 will move from grid 17258 to grid 15746, arriving around in about 4 weeks, specifically next Sunday.","User 163 will move from grid 17258 to grid 15746, at 2007-11-25 19:37:43."
5041,163,2007-11-22 21:08:07,2007-11-23 08:06:00,116.3448033,39.9710666,39473.0,15183,"User 163 will move from grid 15183 to grid 16695, arriving around in about 35 months.","User 163 will move from grid 15183 to grid 16695, at 2010-10-13 01:57:46."
5386,163,2007-11-23 08:18:13,2007-11-23 20:32:04,116.3367466,39.9753566,44031.0,14994,"User 163 will move from grid 14994 to grid 17628, arriving around in about 7 months.","User 163 will move from grid 14994 to grid 17628, at 2008-06-20 00:19:07."
5889,163,2007-11-23 21:23:54,2007-11-24 16:02:09,116.4665099,39.9322416,67095.0,17069,"User 163 will move from grid 17069 to grid 17255, arriving around in about 7 months.","User 163 will move from grid 17069 to grid 17255, at 2008-06-27 01:08:03."
5975,163,2007-11-24 16:16:46,2007-11-24 16:51:58,116.4399433,39.91265,2112.0,16688,"User 163 will move from grid 16688 to grid 14617, arriving around in about 6 months.","User 163 will move from grid 16688 to grid 14617, at 2008-05-17 11:03:06."
6023,163,2007-11-24 17:21:32,2007-11-24 18:00:38,116.4441283,39.9147,2346.0,16689,"User 163 will move from grid 16689 to grid 17069, arriving around in about 6 months.","User 163 will move from grid 16689 to grid 17069, at 2008-05-15 14:27:46."
6449,163,2007-11-24 18:27:32,2007-11-24 22:12:34,116.3631016,39.989235,13502.0,15374,"User 163 will move from grid 15374 to grid 17258, at 2009-04-11 09:06:07.","User 163 will move from grid 15374 to grid 17258, at 2009-04-11 09:06:07."
6568,163,2007-11-24 22:16:50,2007-11-25 16:31:48,116.3468266,39.9708633,65698.0,15183,"User 163 will move from grid 15183 to grid 17075, at 2010-07-31 08:49:53.","User 163 will move from grid 15183 to grid 17075, at 2010-07-31 08:49:53."
6797,163,2007-11-25 17:24:55,2007-11-25 18:02:40,116.3626516,39.9081183,2265.0,15365,"User 163 will move from grid 15365 to grid 17257, arriving around in about 17 months.","User 163 will move from grid 15365 to grid 17257, at 2009-04-08 11:00:32."
6927,163,2007-11-25 18:29:29,2007-11-25 19:11:20,116.3819133,39.9351416,2511.0,15746,"User 163 will move from grid 15746 to grid 16121, arriving around in about 4 months.","User 163 will move from grid 15746 to grid 16121, at 2008-04-05 03:45:39."
7027,163,2007-11-25 19:37:43,2007-11-25 20:49:34,116.3851499,39.9337749,4311.0,15746,"User 163 will move from grid 15746 to grid 14805, arriving around in about 5 months.","User 163 will move from grid 15746 to grid 14805, at 2008-04-29 04:55:00."
7177,163,2007-11-25 21:44:10,2007-11-26 10:17:46,116.3390316,39.9655699,45216.0,14993,"User 163 will move from grid 14993 to grid 17066, arriving around in about 4 months.","User 163 will move from grid 14993 to grid 17066, at 2008-04-05 01:20:41."
7247,163,2007-11-26 10:23:23,2007-11-26 22:07:57,116.3322983,39.975275,42274.0,14994,"User 163 will move from grid 14994 to grid 14993, arriving around in about 5 months.","User 163 will move from grid 14994 to grid 14993, at 2008-05-01 02:44:02."
7433,163,2007-11-26 22:12:51,2007-11-27 08:55:44,116.3448583,39.97106,38573.0,15183,"User 163 will move from grid 15183 to grid 15183, arriving around in about 5 months.","User 163 will move from grid 15183 to grid 15183, at 2008-04-28 13:51:45."
7577,163,2007-11-27 09:00:27,2007-11-27 19:41:40,116.3367466,39.9752766,38473.0,14994,"User 163 will move from grid 14994 to grid 17069, arriving around in about 5 months.","User 163 will move from grid 14994 to grid 17069, at 2008-05-09 14:55:29."
7749,163,2007-11-27 19:49:20,2007-11-28 09:58:56,116.3444449,39.9684733,50976.0,15183,"User 163 will move from grid 15183 to grid 17069, at 2009-04-12 13:15:31.","User 163 will move from grid 15183 to grid 17069, at 2009-04-12 13:15:31."
7805,163,2007-11-28 10:04:47,2007-11-28 12:35:53,116.3331033,39.9748949,9066.0,14994,"User 163 will move from grid 14994 to grid 16695, arriving around in about 39 months.","User 163 will move from grid 14994 to grid 16695, at 2011-02-13 23:53:15."
7935,163,2007-11-28 13:12:25,2007-11-28 17:12:37,116.2066,39.9669899,14412.0,12914,"User 163 will move from grid 12914 to grid 17255, arriving around in about 17 months.","User 163 will move from grid 12914 to grid 17255, at 2009-04-13 00:43:05."
8199,163,2007-11-28 18:12:06,2007-11-28 21:42:03,116.3275133,39.9771649,12597.0,14806,"User 163 will move from grid 14806 to grid 17257, arriving around in about 6 months.","User 163 will move from grid 14806 to grid 17257, at 2008-06-07 13:42:07."
8332,163,2007-11-28 21:47:46,2007-11-29 10:06:39,116.344855,39.9709633,44333.0,15183,"User 163 will move from grid 15183 to grid 15182, arriving around in about 7 months.","User 163 will move from grid 15183 to grid 15182, at 2008-07-06 13:47:34."
8412,163,2007-11-29 10:12:40,2007-12-01 12:20:57,116.3349266,39.9750733,180497.0,14994,"User 163 will move from grid 14994 to grid 15555, arriving around in about 5 months.","User 163 will move from grid 14994 to grid 15555, at 2008-04-26 14:52:43."
8603,163,2007-12-01 12:57:38,2007-12-01 16:59:40,116.3642449,39.9091633,14522.0,15554,"User 163 will move from grid 15554 to grid 16500, arriving around in about 5 months.","User 163 will move from grid 15554 to grid 16500, at 2008-04-29 10:48:55."
8956,163,2007-12-01 17:45:08,2007-12-01 21:15:38,116.3309333,39.9755916,12630.0,14994,"User 163 will move from grid 14994 to grid 16695, at 2011-02-11 23:55:17.","User 163 will move from grid 14994 to grid 16695, at 2011-02-11 23:55:17."
8981,163,2007-12-01 21:15:38,2007-12-01 22:04:05,116.39421,39.9056499,2907.0,15932,"User 163 will move from grid 15932 to grid 15180, arriving around in about 6 months.","User 163 will move from grid 15932 to grid 15180, at 2008-06-07 09:39:44."
9144,163,2008-04-03 15:21:50,2008-04-04 00:04:30,116.346983333333,39.9679333333333,31360.0,15183,"User 163 will move from grid 15183 to grid 17077, arriving around in about 29 months.","User 163 will move from grid 15183 to grid 17077, at 2010-09-04 02:18:43."
9171,163,2008-04-04 00:07:23,2008-04-04 17:48:31,116.328233333333,39.9711666666667,63668.0,14805,"User 163 will move from grid 14805 to grid 17255, arriving around in about 2 months.","User 163 will move from grid 14805 to grid 17255, at 2008-06-19 00:33:13."
9207,163,2008-04-04 18:03:44,2008-04-05 01:13:11,116.4719,39.9322833333333,25767.0,17258,"User 163 will move from grid 17258 to grid 17258, arriving around in about 2 months.","User 163 will move from grid 17258 to grid 17258, at 2008-06-14 12:20:01."
9230,163,2008-04-05 01:20:41,2008-04-05 03:20:53,116.465183333333,39.9073,7212.0,17066,"User 163 will move from grid 17066 to grid 15183, at 2008-05-19 14:42:51.","User 163 will move from grid 17066 to grid 15183, at 2008-05-19 14:42:51."
9300,163,2008-04-05 03:45:39,2008-04-05 05:31:18,116.40535,39.9082833333333,6339.0,16121,"User 163 will move from grid 16121 to grid 16886, arriving around in about 36 months.","User 163 will move from grid 16121 to grid 16886, at 2011-03-26 08:00:46."
9432,163,2008-04-05 06:09:57,2008-04-05 08:30:38,116.391066666667,39.9080666666667,8441.0,15932,"User 163 will move from grid 15932 to grid 16695, arriving around in about 34 months.","User 163 will move from grid 15932 to grid 16695, at 2011-01-29 06:07:16."
9474,163,2008-04-05 08:34:15,2008-04-05 09:05:57,116.3679,39.9080333333333,1902.0,15554,"User 163 will move from grid 15554 to grid 15182, arriving around in the next month.","User 163 will move from grid 15554 to grid 15182, at 2008-05-18 14:54:14."
9498,163,2008-04-05 09:13:33,2008-04-06 13:47:46,116.47225,39.9262,102853.0,17257,"User 163 will move from grid 17257 to grid 16126, arriving around in about 44 months.","User 163 will move from grid 17257 to grid 16126, at 2011-11-26 17:48:30."
9526,163,2008-04-06 14:00:21,2008-04-07 01:24:15,116.345066666667,39.9665666666667,41034.0,15182,"User 163 will move from grid 15182 to grid 17639, arriving around in the next month.","User 163 will move from grid 15182 to grid 17639, at 2008-05-10 11:32:03."
9687,163,2008-04-26 13:24:08,2008-04-26 14:48:24,116.3835716,39.9214866,5056.0,15744,"User 163 will move from grid 15744 to grid 19163, arriving around in about 1 weeks, specifically next Wednesday.","User 163 will move from grid 15744 to grid 19163, at 2008-05-07 12:11:56."
9814,163,2008-04-26 14:52:43,2008-04-26 19:51:47,116.3676083,39.91652,17944.0,15555,"User 163 will move from grid 15555 to grid 15369, arriving around in about 20 months.","User 163 will move from grid 15555 to grid 15369, at 2009-12-24 06:58:36."
9935,163,2008-04-26 20:10:25,2008-04-26 20:53:45,116.4467083,39.93238,2600.0,16880,"User 163 will move from grid 16880 to grid 16697, arriving around in about 47 months.","User 163 will move from grid 16880 to grid 16697, at 2012-03-19 20:13:15."
9944,163,2008-04-26 20:53:45,2008-04-28 13:13:01,116.4708816,39.927265,145156.0,17257,"User 163 will move from grid 17257 to grid 15183, arriving around in about 2 weeks, specifically next Wednesday.","User 163 will move from grid 17257 to grid 15183, at 2008-05-14 15:17:26."
9955,163,2008-04-28 13:16:23,2008-04-28 13:49:03,116.3276949,39.9727016,1960.0,14805,"User 163 will move from grid 14805 to grid 17069, arriving around in about 12 months.","User 163 will move from grid 14805 to grid 17069, at 2009-04-16 14:39:57."
10239,163,2008-04-28 13:51:45,2008-04-29 00:39:56,116.346892,39.971008,38891.0,15183,"User 163 will move from grid 15183 to grid 16512, arriving around in about 47 months.","User 163 will move from grid 15183 to grid 16512, at 2012-03-03 13:22:56."
10885,163,2008-04-29 00:50:29,2008-04-29 04:49:04,116.313158,39.968455,14315.0,14616,"User 163 will move from grid 14616 to grid 17439, arriving around in about 2 months.","User 163 will move from grid 14616 to grid 17439, at 2008-06-20 05:52:12."
11591,163,2008-04-29 04:55:00,2008-04-29 09:26:08,116.325139,39.975083,16268.0,14805,"User 163 will move from grid 14805 to grid 17256, arriving around in about 11 months.","User 163 will move from grid 14805 to grid 17256, at 2009-04-08 00:25:23."
14029,163,2008-04-29 10:48:55,2008-04-29 13:37:11,116.428423,39.917099,10096.0,16500,"User 163 will move from grid 16500 to grid 15183, arriving around in about 2 months.","User 163 will move from grid 16500 to grid 15183, at 2008-06-17 14:35:58."
16527,163,2008-04-29 14:29:12,2008-04-30 01:08:43,116.336962,39.9662,38371.0,14993,"User 163 will move from grid 14993 to grid 15183, arriving around in the next month.","User 163 will move from grid 14993 to grid 15183, at 2008-06-06 15:42:33."
16984,163,2008-04-30 01:12:57,2008-04-30 12:30:58,116.327825,39.971076,40681.0,14805,"User 163 will move from grid 14805 to grid 14419, arriving around in about 34 months.","User 163 will move from grid 14805 to grid 14419, at 2011-02-16 05:39:28."
17427,163,2008-04-30 12:33:04,2008-05-01 01:38:53,116.336931,39.966112,47149.0,14993,"User 163 will move from grid 14993 to grid 15183, at 2008-05-07 13:18:45.","User 163 will move from grid 14993 to grid 15183, at 2008-05-07 13:18:45."
18194,163,2008-05-01 01:40:50,2008-05-01 02:41:58,116.332319,39.971069,3668.0,14994,"User 163 will move from grid 14994 to grid 15554, at 2010-07-25 02:22:39.","User 163 will move from grid 14994 to grid 15554, at 2010-07-25 02:22:39."
18621,163,2008-05-01 02:44:02,2008-05-01 03:27:07,116.336782,39.96593,2585.0,14993,"User 163 will move from grid 14993 to grid 16880, arriving around in about 42 months.","User 163 will move from grid 14993 to grid 16880, at 2011-10-22 13:42:22."
23075,163,2008-05-01 05:04:34,2008-05-04 07:39:46,115.912365,39.400317,268512.0,8127,"User 163 will move from grid 8127 to grid 17075, arriving around in the next month.","User 163 will move from grid 8127 to grid 17075, at 2008-06-15 04:01:14."
58222,163,2008-05-04 08:40:00,2008-05-04 13:15:32,116.336518,39.975198,16532.0,14994,"User 163 will move from grid 14994 to grid 17069, arriving around in about 2 weeks, specifically next Saturday.","User 163 will move from grid 14994 to grid 17069, at 2008-05-17 14:25:48."
58480,163,2008-05-04 13:18:38,2008-05-05 01:22:50,116.346791,39.971064,43452.0,15183,"User 163 will move from grid 15183 to grid 17832, arriving around in about 22 months.","User 163 will move from grid 15183 to grid 17832, at 2010-02-16 03:20:12."
59507,163,2008-05-05 01:49:40,2008-05-05 02:22:02,116.584289,40.07672,1942.0,18975,"User 163 will move from grid 18975 to grid 15183, at 2008-05-12 14:48:59.","User 163 will move from grid 18975 to grid 15183, at 2008-05-12 14:48:59."
60007,163,2008-05-05 02:22:06,2008-05-05 04:20:30,116.587342,40.076374,7104.0,19164,"User 163 will move from grid 19164 to grid 14617, arriving around in the next month.","User 163 will move from grid 19164 to grid 14617, at 2008-06-14 02:16:13."
61506,163,2008-05-05 04:42:58,2008-05-07 11:59:50,116.595322,40.087838,199012.0,19165,"User 163 will move from grid 19165 to grid 15554, arriving around in about 22 months.","User 163 will move from grid 19165 to grid 15554, at 2010-02-14 09:58:49."
78322,163,2008-05-07 12:11:56,2008-05-07 12:47:19,116.595456,40.070012,2123.0,19163,"User 163 will move from grid 19163 to grid 15554, arriving around in about 22 months.","User 163 will move from grid 19163 to grid 15554, at 2010-02-14 08:11:58."
79680,163,2008-05-07 13:18:45,2008-05-08 00:48:01,116.344765,39.971045,41356.0,15183,"User 163 will move from grid 15183 to grid 17832, arriving around in about 28 months.","User 163 will move from grid 15183 to grid 17832, at 2010-08-22 01:59:40."
79931,163,2008-05-08 00:51:15,2008-05-09 00:28:55,116.327405,39.971277,85060.0,14805,"User 163 will move from grid 14805 to grid 15183, arriving around in about 4 days, on 2008-05-13.","User 163 will move from grid 14805 to grid 15183, at 2008-05-13 14:48:54."
80301,163,2008-05-09 00:38:39,2008-05-09 14:22:27,116.336676,39.975398,49428.0,14994,"User 163 will move from grid 14994 to grid 15553, at 2010-07-25 06:25:45.","User 163 will move from grid 14994 to grid 15553, at 2010-07-25 06:25:45."
81196,163,2008-05-09 14:55:29,2008-05-10 07:20:30,116.466528,39.932297,59101.0,17069,"User 163 will move from grid 17069 to grid 14617, arriving around in about 2 months.","User 163 will move from grid 17069 to grid 14617, at 2008-06-28 02:27:01."
81988,163,2008-05-10 07:29:32,2008-05-10 08:50:21,116.464678,39.971077,4849.0,17073,"User 163 will move from grid 17073 to grid 14577, arriving around in about 35 months.","User 163 will move from grid 17073 to grid 14577, at 2011-04-03 05:20:41."
83155,163,2008-05-10 09:42:37,2008-05-10 11:10:23,116.447928,39.987875,5266.0,16886,"User 163 will move from grid 16886 to grid 14617, arriving around in about 36 months.","User 163 will move from grid 16886 to grid 14617, at 2011-05-07 05:03:53."
84724,163,2008-05-10 11:32:03,2008-05-10 14:32:54,116.497538,39.962136,10851.0,17639,"User 163 will move from grid 17639 to grid 16876, at 2010-10-14 10:19:07.","User 163 will move from grid 17639 to grid 16876, at 2010-10-14 10:19:07."
85046,163,2008-05-10 14:38:40,2008-05-11 08:53:38,116.47776,39.932343,65698.0,17258,"User 163 will move from grid 17258 to grid 17069, arriving around in about 5 days, on 2008-05-16.","User 163 will move from grid 17258 to grid 17069, at 2008-05-16 14:04:33."
87514,163,2008-05-11 10:03:02,2008-05-11 14:04:54,116.466966,39.926112,14512.0,17068,"User 163 will move from grid 17068 to grid 17439, arriving around in the next month.","User 163 will move from grid 17068 to grid 17439, at 2008-06-20 02:54:08."
88321,163,2008-05-11 14:19:02,2008-05-12 01:33:22,116.348241,39.96645,40460.0,15182,"User 163 will move from grid 15182 to grid 14805, at 2008-05-12 01:37:26.","User 163 will move from grid 15182 to grid 14805, at 2008-05-12 01:37:26."
88647,163,2008-05-12 01:37:26,2008-05-12 14:43:41,116.327781,39.971119,47175.0,14805,"User 163 will move from grid 14805 to grid 17069, arriving around in about 8 months.","User 163 will move from grid 14805 to grid 17069, at 2009-01-18 13:31:59."
89087,163,2008-05-12 14:48:59,2008-05-13 00:39:37,116.344898,39.971038,35438.0,15183,"User 163 will move from grid 15183 to grid 16886, arriving around in about 27 months.","User 163 will move from grid 15183 to grid 16886, at 2010-07-31 07:57:51."
89410,163,2008-05-13 00:45:59,2008-05-13 14:43:10,116.336648,39.975668,50231.0,14994,"User 163 will move from grid 14994 to grid 12731, arriving around in about 23 months.","User 163 will move from grid 14994 to grid 12731, at 2010-04-18 06:05:30."
89875,163,2008-05-13 14:48:54,2008-05-14 01:22:04,116.344712,39.971035,37990.0,15183,"User 163 will move from grid 15183 to grid 14426, arriving around in about 27 months.","User 163 will move from grid 15183 to grid 14426, at 2010-07-25 09:04:29."
90246,163,2008-05-14 01:27:22,2008-05-14 15:12:02,116.336667,39.975183,49480.0,14994,"User 163 will move from grid 14994 to grid 16876, arriving around in about 46 months.","User 163 will move from grid 14994 to grid 16876, at 2012-03-02 20:17:01."
90651,163,2008-05-14 15:17:26,2008-05-15 01:12:38,116.34467,39.971048,35712.0,15183,"User 163 will move from grid 15183 to grid 12919, arriving around in about 33 months.","User 163 will move from grid 15183 to grid 12919, at 2011-02-04 07:11:56."
91072,163,2008-05-15 01:18:26,2008-05-15 14:11:12,116.336739,39.974919,46366.0,14994,"User 163 will move from grid 14994 to grid 17075, arriving around in about 21 months.","User 163 will move from grid 14994 to grid 17075, at 2010-02-18 03:18:53."
91771,163,2008-05-15 14:27:46,2008-05-16 01:02:30,116.466538,39.932227,38084.0,17069,"User 163 will move from grid 17069 to grid 16697, arriving around in about 21 months.","User 163 will move from grid 17069 to grid 16697, at 2010-02-14 11:05:10."
93177,163,2008-05-16 01:40:16,2008-05-16 05:36:31,116.336732,39.975191,14175.0,14994,"User 163 will move from grid 14994 to grid 14805, at 2008-05-16 10:14:15.","User 163 will move from grid 14994 to grid 14805, at 2008-05-16 10:14:15."
93963,163,2008-05-16 06:03:37,2008-05-16 09:35:47,116.19858,39.989036,12730.0,12728,"User 163 will move from grid 12728 to grid 16500, at 2009-04-08 01:55:03.","User 163 will move from grid 12728 to grid 16500, at 2009-04-08 01:55:03."
95306,163,2008-05-16 10:14:15,2008-05-16 13:15:41,116.325018,39.975042,10886.0,14805,"User 163 will move from grid 14805 to grid 17628, arriving around in the next month.","User 163 will move from grid 14805 to grid 17628, at 2008-06-20 01:24:26."
96932,163,2008-05-16 14:04:33,2008-05-17 08:48:30,116.468072,39.935096,67437.0,17069,"User 163 will move from grid 17069 to grid 15183, at 2008-06-12 13:40:30.","User 163 will move from grid 17069 to grid 15183, at 2008-06-12 13:40:30."
98102,163,2008-05-17 09:16:22,2008-05-17 10:57:57,116.336627,39.97489,6095.0,14994,"User 163 will move from grid 14994 to grid 15183, arriving around in the next month.","User 163 will move from grid 14994 to grid 15183, at 2008-06-30 14:12:12."
98302,163,2008-05-17 11:03:06,2008-05-17 13:54:54,116.313071,39.984552,10308.0,14617,"User 163 will move from grid 14617 to grid 17257, arriving around in about 11 months.","User 163 will move from grid 14617 to grid 17257, at 2009-04-07 12:33:38."
99399,163,2008-05-17 14:25:48,2008-05-18 14:41:52,116.466537,39.932506,87364.0,17069,"User 163 will move from grid 17069 to grid 15932, arriving around in about 45 months.","User 163 will move from grid 17069 to grid 15932, at 2012-01-24 13:51:10."
100037,163,2008-05-18 14:54:14,2008-05-19 01:31:22,116.348359,39.966511,38228.0,15182,"User 163 will move from grid 15182 to grid 17258, at 2008-06-15 07:55:36.","User 163 will move from grid 15182 to grid 17258, at 2008-06-15 07:55:36."
100390,163,2008-05-19 01:37:12,2008-05-19 14:37:36,116.336739,39.97516,46824.0,14994,"User 163 will move from grid 14994 to grid 15935, arriving around in about 16 months.","User 163 will move from grid 14994 to grid 15935, at 2009-08-30 02:14:38."
101110,163,2008-05-19 14:42:51,2008-05-20 00:16:41,116.344824,39.971065,34430.0,15183,"User 163 will move from grid 15183 to grid 14806, arriving around in the next month.","User 163 will move from grid 15183 to grid 14806, at 2008-06-22 07:09:10."
101981,163,2008-06-06 15:42:33,2008-06-07 00:39:42,116.344816666667,39.97085,32229.0,15183,"User 163 will move from grid 15183 to grid 17257, arriving around in about 10 months.","User 163 will move from grid 15183 to grid 17257, at 2009-04-10 12:53:57."
102034,163,2008-06-07 00:45:53,2008-06-07 09:35:16,116.33645,39.9747,31763.0,14994,"User 163 will move from grid 14994 to grid 15180, arriving around in about 2 weeks, specifically next Sunday.","User 163 will move from grid 14994 to grid 15180, at 2008-06-22 08:08:24."
102076,163,2008-06-07 09:39:44,2008-06-07 10:12:42,116.345566666667,39.9437833333333,1978.0,15180,,
102094,163,2008-06-07 10:15:54,2008-06-07 12:57:48,116.36785,39.9081166666667,9714.0,15554,"User 163 will move from grid 15554 to grid 15182, arriving around in about 2 days, on 2008-06-09.","User 163 will move from grid 15554 to grid 15182, at 2008-06-09 14:44:16."
102211,163,2008-06-07 13:42:07,2008-06-08 08:51:11,116.47245,39.9264833333333,68944.0,17257,"User 163 will move from grid 17257 to grid 14805, at 2008-06-18 12:55:10.","User 163 will move from grid 17257 to grid 14805, at 2008-06-18 12:55:10."
102764,163,2008-06-08 09:17:12,2008-06-09 14:28:04,116.2895116,39.957425,105052.0,14236,"User 163 will move from grid 14236 to grid 17075, arriving around in about 22 months.","User 163 will move from grid 14236 to grid 17075, at 2010-04-05 06:49:14."
102880,163,2008-06-09 14:44:16,2008-06-10 01:06:36,116.344616666667,39.9665333333333,37340.0,15182,"User 163 will move from grid 15182 to grid 15183, at 2008-07-03 15:02:32.","User 163 will move from grid 15182 to grid 15183, at 2008-07-03 15:02:32."
102900,163,2008-06-10 01:10:33,2008-06-10 14:56:45,116.327716666667,39.9748166666667,49572.0,14805,"User 163 will move from grid 14805 to grid 17449, at 2008-06-20 10:33:30.","User 163 will move from grid 14805 to grid 17449, at 2008-06-20 10:33:30."
102948,163,2008-06-10 15:00:54,2008-06-11 00:04:07,116.344866666667,39.9708666666667,32593.0,15183,"User 163 will move from grid 15183 to grid 14993, at 2008-06-14 08:56:47.","User 163 will move from grid 15183 to grid 14993, at 2008-06-14 08:56:47."
103004,163,2008-06-11 00:12:08,2008-06-12 13:36:10,116.331,39.9752,134642.0,14994,"User 163 will move from grid 14994 to grid 15172, at 2011-02-02 04:42:01.","User 163 will move from grid 14994 to grid 15172, at 2011-02-02 04:42:01."
103044,163,2008-06-12 13:40:30,2008-06-13 00:29:48,116.344866666667,39.971,38958.0,15183,"User 163 will move from grid 15183 to grid 14615, at 2008-06-14 05:37:37.","User 163 will move from grid 15183 to grid 14615, at 2008-06-14 05:37:37."
103099,163,2008-06-13 00:36:33,2008-06-13 13:40:07,116.33635,39.9754,47014.0,14994,"User 163 will move from grid 14994 to grid 14234, arriving around in about 2 weeks, specifically next Saturday.","User 163 will move from grid 14994 to grid 14234, at 2008-06-28 12:48:20."
103131,163,2008-06-13 13:40:12,2008-06-14 02:00:33,116.3372,39.9703,44421.0,14994,"User 163 will move from grid 14994 to grid 15554, arriving around in about 47 months.","User 163 will move from grid 14994 to grid 15554, at 2012-05-01 17:05:50."
103244,163,2008-06-14 02:16:13,2008-06-14 05:17:42,116.3078,39.98035,10889.0,14617,"User 163 will move from grid 14617 to grid 14805, arriving around in about 5 days, on 2008-06-19.","User 163 will move from grid 14617 to grid 14805, at 2008-06-19 13:59:49."
103300,163,2008-06-14 05:37:37,2008-06-14 08:03:37,116.316566666667,39.9623333333333,8760.0,14615,"User 163 will move from grid 14615 to grid 14805, arriving around in about 6 days, on 2008-06-20.","User 163 will move from grid 14615 to grid 14805, at 2008-06-20 13:25:12."
103350,163,2008-06-14 08:03:37,2008-06-14 08:56:47,116.3252,39.9661,3190.0,14804,"User 163 will move from grid 14804 to grid 15183, at 2008-07-08 13:50:44.","User 163 will move from grid 14804 to grid 15183, at 2008-07-08 13:50:44."
103397,163,2008-06-14 08:56:47,2008-06-14 12:01:44,116.33735,39.9666333333333,11097.0,14993,"User 163 will move from grid 14993 to grid 17069, at 2008-06-19 14:50:59.","User 163 will move from grid 14993 to grid 17069, at 2008-06-19 14:50:59."
103443,163,2008-06-14 12:20:01,2008-06-15 03:47:58,116.471933333333,39.9323833333333,55677.0,17258,"User 163 will move from grid 17258 to grid 17257, arriving around in about 10 months.","User 163 will move from grid 17258 to grid 17257, at 2009-04-14 12:03:26."
103661,163,2008-06-15 04:01:14,2008-06-15 07:43:53,116.4663549,39.9899549,13359.0,17075,"User 163 will move from grid 17075 to grid 17075, arriving around in about 45 months.","User 163 will move from grid 17075 to grid 17075, at 2012-02-18 13:55:02."
104032,163,2008-06-15 07:55:36,2008-06-16 15:24:56,116.4776766,39.9325466,113360.0,17258,"User 163 will move from grid 17258 to grid 16695, arriving around in about 29 months.","User 163 will move from grid 17258 to grid 16695, at 2010-10-21 00:24:11."
104219,163,2008-06-16 15:31:25,2008-06-17 00:34:36,116.344866666667,39.9708833333333,32591.0,15183,"User 163 will move from grid 15183 to grid 17439, at 2008-06-20 09:08:21.","User 163 will move from grid 15183 to grid 17439, at 2008-06-20 09:08:21."
104272,163,2008-06-17 00:41:24,2008-06-17 14:31:44,116.333733333333,39.9750833333333,49820.0,14994,"User 163 will move from grid 14994 to grid 17255, arriving around in about 10 months.","User 163 will move from grid 14994 to grid 17255, at 2009-04-10 00:42:23."
104312,163,2008-06-17 14:35:58,2008-06-18 00:00:54,116.344766666667,39.97095,33896.0,15183,,
104375,163,2008-06-18 00:05:45,2008-06-18 12:55:10,116.33675,39.9753166666667,46165.0,14994,"User 163 will move from grid 14994 to grid 16507, arriving around in about 20 months.","User 163 will move from grid 14994 to grid 16507, at 2010-02-14 03:55:44."
104687,163,2008-06-18 12:55:10,2008-06-18 14:18:44,116.3274066,39.9710633,5014.0,14805,"User 163 will move from grid 14805 to grid 14805, arriving around later today, in the afternoon.","User 163 will move from grid 14805 to grid 14805, at 2008-06-18 14:28:37."
105511,163,2008-06-18 14:28:37,2008-06-19 00:19:09,116.3249866,39.9717116,35432.0,14805,"User 163 will move from grid 14805 to grid 15936, at 2009-08-28 10:45:18.","User 163 will move from grid 14805 to grid 15936, at 2009-08-28 10:45:18."
105699,163,2008-06-19 00:33:13,2008-06-19 13:49:59,116.4715716,39.9081033,47806.0,17255,"User 163 will move from grid 17255 to grid 17450, arriving around in about 10 months.","User 163 will move from grid 17255 to grid 17450, at 2009-04-17 02:01:17."
105919,163,2008-06-19 13:59:49,2008-06-19 14:32:10,116.3191299,39.9710866,1941.0,14805,"User 163 will move from grid 14805 to grid 14805, at 2008-06-22 12:47:02.","User 163 will move from grid 14805 to grid 14805, at 2008-06-22 12:47:02."
106505,163,2008-06-19 14:50:59,2008-06-19 16:09:11,116.4664433,39.9326866,4692.0,17069,"User 163 will move from grid 17069 to grid 16512, arriving around in about 42 months.","User 163 will move from grid 17069 to grid 16512, at 2011-12-10 17:45:35."
106976,163,2008-06-19 16:20:00,2008-06-19 23:02:38,116.32497,39.97173,24158.0,14805,"User 163 will move from grid 14805 to grid 17255, arriving around in about 10 months.","User 163 will move from grid 14805 to grid 17255, at 2009-04-07 00:30:29."
107795,163,2008-06-20 00:19:07,2008-06-20 01:24:26,116.49382,39.863015,3919.0,17628,"User 163 will move from grid 17628 to grid 16874, arriving around in about 25 months.","User 163 will move from grid 17628 to grid 16874, at 2010-07-11 04:05:41."
108084,163,2008-06-20 01:24:26,2008-06-20 02:18:17,116.4937866,39.863155,3231.0,17628,"User 163 will move from grid 17628 to grid 17069, at 2008-06-28 14:13:32.","User 163 will move from grid 17628 to grid 17069, at 2008-06-28 14:13:32."
108956,163,2008-06-20 02:54:08,2008-06-20 05:25:33,116.4899233,39.8656383,9085.0,17439,"User 163 will move from grid 17439 to grid 14805, at 2008-07-07 01:57:19.","User 163 will move from grid 17439 to grid 14805, at 2008-07-07 01:57:19."
109696,163,2008-06-20 05:52:12,2008-06-20 08:59:00,116.4875783,39.8672083,11208.0,17439,,
110782,163,2008-06-20 09:08:21,2008-06-20 10:00:22,116.4846116,39.8664316,3121.0,17439,"User 163 will move from grid 17439 to grid 15183, arriving around in about 2 weeks, specifically next Wednesday.","User 163 will move from grid 17439 to grid 15183, at 2008-07-02 14:29:15."
112250,163,2008-06-20 10:33:30,2008-06-20 11:15:48,116.4835116,39.9532366,2538.0,17449,,
112288,163,2008-06-20 11:15:48,2008-06-20 13:23:20,116.330815,39.9759699,7652.0,14994,"User 163 will move from grid 14994 to grid 15182, arriving around in about 1 weeks, specifically next Monday.","User 163 will move from grid 14994 to grid 15182, at 2008-06-30 12:21:01."
113043,163,2008-06-20 13:25:12,2008-06-21 16:32:40,116.3250083,39.9718216,97648.0,14805,"User 163 will move from grid 14805 to grid 17257, arriving around in about 10 months.","User 163 will move from grid 14805 to grid 17257, at 2009-04-13 11:01:29."
113655,163,2008-06-21 16:34:14,2008-06-22 01:03:01,116.3249766,39.9717099,30527.0,14805,"User 163 will move from grid 14805 to grid 17264, at 2009-12-24 02:58:44.","User 163 will move from grid 14805 to grid 17264, at 2009-12-24 02:58:44."
114305,163,2008-06-22 01:53:03,2008-06-22 04:01:08,116.3366466,39.9752766,7685.0,14994,,
115161,163,2008-06-22 05:03:43,2008-06-22 07:03:26,116.3367283,39.9752733,7183.0,14994,"User 163 will move from grid 14994 to grid 16128, arriving around in about 42 months.","User 163 will move from grid 14994 to grid 16128, at 2011-11-26 19:10:23."
115688,163,2008-06-22 07:09:10,2008-06-22 07:42:42,116.3262483,39.9837899,2012.0,14806,"User 163 will move from grid 14806 to grid 15182, at 2008-06-29 14:15:32.","User 163 will move from grid 14806 to grid 15182, at 2008-06-29 14:15:32."
116138,163,2008-06-22 08:08:24,2008-06-22 12:47:02,116.3490766,39.9473516,16718.0,15180,"User 163 will move from grid 15180 to grid 15183, arriving around in about 5 days, on 2008-06-27.","User 163 will move from grid 15180 to grid 15183, at 2008-06-27 14:45:24."
116140,163,2008-06-22 12:47:02,2008-06-27 00:46:29,116.3284683,39.9751766,388767.0,14805,,
116490,163,2008-06-27 01:08:03,2008-06-27 01:59:34,116.4719683,39.9081149,3091.0,17255,"User 163 will move from grid 17255 to grid 17258, arriving around in about 10 months.","User 163 will move from grid 17255 to grid 17258, at 2009-04-11 07:17:52."
116544,163,2008-06-27 01:59:34,2008-06-27 14:29:24,116.3340933,39.9746716,44990.0,14994,"User 163 will move from grid 14994 to grid 15553, arriving around in about 25 months.","User 163 will move from grid 14994 to grid 15553, at 2010-07-25 10:38:46."
117230,163,2008-06-27 14:45:24,2008-06-28 02:14:55,116.3446466,39.9710549,41371.0,15183,"User 163 will move from grid 15183 to grid 16695, arriving around in about 28 months.","User 163 will move from grid 15183 to grid 16695, at 2010-10-08 00:10:17."
117674,163,2008-06-28 02:27:01,2008-06-28 04:35:46,116.3106999,39.9800899,7725.0,14617,"User 163 will move from grid 14617 to grid 17072, arriving around in about 27 months.","User 163 will move from grid 14617 to grid 17072, at 2010-09-04 03:32:55."
118306,163,2008-06-28 04:50:07,2008-06-28 12:32:02,116.3263466,39.97512,27715.0,14805,"User 163 will move from grid 14805 to grid 15183, arriving around in about 1 weeks, specifically next Monday.","User 163 will move from grid 14805 to grid 15183, at 2008-07-07 14:51:21."
119384,163,2008-06-28 12:48:20,2008-06-28 13:34:06,116.2869616,39.93929,2746.0,14234,"User 163 will move from grid 14234 to grid 19164, arriving around in about 10 months.","User 163 will move from grid 14234 to grid 19164, at 2009-04-19 03:13:51."
120252,163,2008-06-28 14:13:32,2008-06-29 14:03:18,116.4665216,39.932425,85786.0,17069,,
120427,163,2008-06-29 14:15:32,2008-06-30 00:48:53,116.34455,39.9666166666667,38001.0,15182,"User 163 will move from grid 15182 to grid 16886, arriving around in about 32 months.","User 163 will move from grid 15182 to grid 16886, at 2011-02-15 07:03:11."
120490,163,2008-06-30 01:01:22,2008-06-30 07:26:20,116.33675,39.9752,23098.0,14994,"User 163 will move from grid 14994 to grid 14805, arriving around in about 3 weeks, specifically next Sunday.","User 163 will move from grid 14994 to grid 14805, at 2008-07-20 04:51:51."
121213,163,2008-06-30 07:50:10,2008-06-30 12:03:20,116.3012899,39.88244,15190.0,14417,"User 163 will move from grid 14417 to grid 17255, arriving around in about 10 months.","User 163 will move from grid 14417 to grid 17255, at 2009-04-17 03:05:56."
122367,163,2008-06-30 12:21:01,2008-06-30 13:23:28,116.3483266,39.9665249,3747.0,15182,"User 163 will move from grid 15182 to grid 16695, at 2010-10-29 00:08:22.","User 163 will move from grid 15182 to grid 16695, at 2010-10-29 00:08:22."
123323,163,2008-06-30 14:12:12,2008-07-01 01:03:18,116.34447,39.971005,39066.0,15183,"User 163 will move from grid 15183 to grid 15183, arriving around in about 3 weeks, specifically next Saturday.","User 163 will move from grid 15183 to grid 15183, at 2008-07-19 14:51:18."
123652,163,2008-07-01 01:08:51,2008-07-01 14:36:46,116.33675,39.9750233,48475.0,14994,"User 163 will move from grid 14994 to grid 19164, arriving around in about 10 months.","User 163 will move from grid 14994 to grid 19164, at 2009-04-19 02:13:51."
123948,163,2008-07-01 14:41:43,2008-07-02 01:34:27,116.344718,39.971027,39164.0,15183,"User 163 will move from grid 15183 to grid 15183, at 2008-07-04 14:57:56.","User 163 will move from grid 15183 to grid 15183, at 2008-07-04 14:57:56."
124309,163,2008-07-02 01:39:33,2008-07-02 14:23:42,116.336745,39.975592,45849.0,14994,"User 163 will move from grid 14994 to grid 17069, arriving around in about 14 months.","User 163 will move from grid 14994 to grid 17069, at 2009-08-28 15:36:32."
124763,163,2008-07-02 14:29:15,2008-07-03 01:51:03,116.344507,39.971045,40908.0,15183,"User 163 will move from grid 15183 to grid 16886, arriving around in about 29 months.","User 163 will move from grid 15183 to grid 16886, at 2010-12-04 10:43:31."
125236,163,2008-07-03 01:57:08,2008-07-03 14:57:37,116.336644,39.974727,46829.0,14994,"User 163 will move from grid 14994 to grid 16695, arriving around in about 32 months.","User 163 will move from grid 14994 to grid 16695, at 2011-02-10 23:55:16."
125627,163,2008-07-03 15:02:32,2008-07-04 02:21:37,116.344743,39.971063,40745.0,15183,"User 163 will move from grid 15183 to grid 17072, arriving around in about 44 months.","User 163 will move from grid 15183 to grid 17072, at 2012-02-18 11:22:12."
125995,163,2008-07-04 02:27:07,2008-07-04 14:55:37,116.336703,39.97508,44910.0,14994,"User 163 will move from grid 14994 to grid 15553, arriving around in about 20 months.","User 163 will move from grid 14994 to grid 15553, at 2010-02-19 08:32:05."
126317,163,2008-07-04 14:57:56,2008-07-05 04:06:38,116.346823,39.971014,47322.0,15183,"User 163 will move from grid 15183 to grid 17255, arriving around in about 9 months.","User 163 will move from grid 15183 to grid 17255, at 2009-04-16 00:44:28."
127176,163,2008-07-05 04:26:44,2008-07-05 15:12:58,116.336735,39.975213,38774.0,14994,"User 163 will move from grid 14994 to grid 17257, at 2009-04-15 14:15:34.","User 163 will move from grid 14994 to grid 17257, at 2009-04-15 14:15:34."
128364,163,2008-07-05 15:29:11,2008-07-06 13:33:28,116.466438,39.932487,79457.0,17069,"User 163 will move from grid 17069 to grid 17255, arriving around in about 9 months.","User 163 will move from grid 17069 to grid 17255, at 2009-04-14 00:45:01."
129381,163,2008-07-06 13:47:34,2008-07-07 01:54:18,116.348485,39.966554,43604.0,15182,"User 163 will move from grid 15182 to grid 17075, arriving around in about 29 months.","User 163 will move from grid 15182 to grid 17075, at 2010-11-14 06:11:35."
129750,163,2008-07-07 01:57:19,2008-07-07 14:46:15,116.327876,39.971208,46136.0,14805,"User 163 will move from grid 14805 to grid 14990, arriving around in about 20 months.","User 163 will move from grid 14805 to grid 14990, at 2010-02-17 03:52:27."
130181,163,2008-07-07 14:51:21,2008-07-08 01:42:51,116.344712,39.971041,39090.0,15183,,
130574,163,2008-07-08 01:49:12,2008-07-08 13:45:22,116.336671,39.975611,42970.0,14994,"User 163 will move from grid 14994 to grid 17255, arriving around in about 14 months.","User 163 will move from grid 14994 to grid 17255, at 2009-08-28 10:10:41."
130979,163,2008-07-08 13:50:44,2008-07-09 01:11:52,116.344564,39.971048,40868.0,15183,"User 163 will move from grid 15183 to grid 14808, arriving around in about 13 months.","User 163 will move from grid 15183 to grid 14808, at 2009-07-28 23:20:31."
131388,163,2008-07-09 01:18:18,2008-07-09 11:34:37,116.336734,39.976289,36979.0,14994,,
131849,163,2008-07-19 14:51:18,2008-07-20 04:48:59,116.344868,39.971002,50261.0,15183,"User 163 will move from grid 15183 to grid 14990, arriving around in about 9 months.","User 163 will move from grid 15183 to grid 14990, at 2009-04-17 04:57:26."
132258,163,2008-07-20 04:51:51,2008-07-20 08:29:10,116.327894,39.971156,13039.0,14805,"User 163 will move from grid 14805 to grid 17257, arriving around in about 9 months.","User 163 will move from grid 14805 to grid 17257, at 2009-04-09 11:08:57."
133086,163,2009-01-18 13:31:59,2009-01-19 01:33:39,116.466741,39.932351,43300.0,17069,"User 163 will move from grid 17069 to grid 17075, arriving around in about 19 months.","User 163 will move from grid 17069 to grid 17075, at 2010-08-21 06:42:44."
143371,163,2009-04-07 00:30:29,2009-04-07 12:28:29,116.471553,39.908083,43080.0,17255,,
143533,163,2009-04-07 12:33:38,2009-04-08 00:25:23,116.472001,39.926179,42705.0,17257,"User 163 will move from grid 17257 to grid 34372, arriving around in about 16 months.","User 163 will move from grid 17257 to grid 34372, at 2010-08-06 10:07:45."
143598,163,2009-04-08 00:25:23,2009-04-08 01:36:17,116.472009,39.916997,4254.0,17256,"User 163 will move from grid 17256 to grid 16877, arriving around in about 22 months.","User 163 will move from grid 17256 to grid 16877, at 2011-02-12 05:38:24."
143828,163,2009-04-08 01:55:03,2009-04-08 10:44:05,116.428963,39.917166,31742.0,16500,"User 163 will move from grid 16500 to grid 17255, arriving around later today, late at night.","User 163 will move from grid 16500 to grid 17255, at 2009-04-09 00:34:18."
144212,163,2009-04-08 11:00:32,2009-04-09 00:22:06,116.472245,39.926116,48094.0,17257,,
144465,163,2009-04-09 00:34:18,2009-04-09 10:57:38,116.471767,39.908094,37400.0,17255,"User 163 will move from grid 17255 to grid 16508, arriving around in about 5 months.","User 163 will move from grid 17255 to grid 16508, at 2009-08-29 03:33:24."
144673,163,2009-04-09 11:08:57,2009-04-10 00:41:24,116.472083,39.926118,48747.0,17257,"User 163 will move from grid 17257 to grid 16513, arriving around in about 18 months.","User 163 will move from grid 17257 to grid 16513, at 2010-10-10 03:13:34."
144734,163,2009-04-10 00:42:23,2009-04-10 12:50:14,116.47174,39.908297,43671.0,17255,"User 163 will move from grid 17255 to grid 14822, arriving around in about 12 months.","User 163 will move from grid 17255 to grid 14822, at 2010-04-04 05:43:00."
145007,163,2009-04-10 12:53:57,2009-04-11 07:17:52,116.472033,39.926136,66235.0,17257,,
145762,163,2009-04-11 07:17:52,2009-04-11 09:06:07,116.475299,39.935099,6495.0,17258,"User 163 will move from grid 17258 to grid 14805, arriving around in about 9 months.","User 163 will move from grid 17258 to grid 14805, at 2009-12-24 08:16:30."
146557,163,2009-04-11 09:06:07,2009-04-12 01:10:36,116.474273,39.93506,57869.0,17258,,
147892,163,2009-04-12 01:34:44,2009-04-12 12:56:07,116.336545,39.975388,40883.0,14994,"User 163 will move from grid 14994 to grid 16886, arriving around in about 10 months.","User 163 will move from grid 14994 to grid 16886, at 2010-02-18 05:04:34."
148961,163,2009-04-12 13:15:31,2009-04-13 00:43:05,116.466446,39.932287,41254.0,17069,"User 163 will move from grid 17069 to grid 15746, arriving around in about 5 months.","User 163 will move from grid 17069 to grid 15746, at 2009-08-30 03:40:22."
149080,163,2009-04-13 00:43:05,2009-04-13 10:50:05,116.471917,39.908066,36420.0,17255,"User 163 will move from grid 17255 to grid 16315, arriving around in about 10 months.","User 163 will move from grid 17255 to grid 16315, at 2010-02-14 04:34:53."
149261,163,2009-04-13 11:01:29,2009-04-14 00:34:30,116.472248,39.926254,48781.0,17257,"User 163 will move from grid 17257 to grid 16886, arriving around in about 18 months.","User 163 will move from grid 17257 to grid 16886, at 2010-10-21 15:15:26."
149506,163,2009-04-14 00:45:01,2009-04-14 11:55:38,116.472147,39.908114,40237.0,17255,"User 163 will move from grid 17255 to grid 16128, arriving around in about 19 months.","User 163 will move from grid 17255 to grid 16128, at 2010-10-29 04:34:29."
149718,163,2009-04-14 12:03:26,2009-04-15 10:10:35,116.472091,39.926188,79629.0,17257,,
149885,163,2009-04-15 10:15:29,2009-04-15 13:24:34,116.367628,39.908141,11345.0,15554,,
149907,163,2009-04-15 13:24:34,2009-04-15 14:05:06,116.368025,39.907612,2432.0,15554,"User 163 will move from grid 15554 to grid 16514, arriving around in about 12 months.","User 163 will move from grid 15554 to grid 16514, at 2010-04-05 04:46:42."
150181,163,2009-04-15 14:15:34,2009-04-16 00:31:37,116.472228,39.926141,36963.0,17257,"User 163 will move from grid 17257 to grid 16695, arriving around in about 18 months.","User 163 will move from grid 17257 to grid 16695, at 2010-10-15 00:56:50."
150497,163,2009-04-16 00:44:28,2009-04-16 14:19:59,116.472223,39.908072,48931.0,17255,,
151152,163,2009-04-16 14:39:57,2009-04-17 01:42:19,116.466375,39.932301,39742.0,17069,"User 163 will move from grid 17069 to grid 16323, arriving around in about 24 months.","User 163 will move from grid 17069 to grid 16323, at 2011-03-26 10:03:03."
151885,163,2009-04-17 02:01:17,2009-04-17 02:32:34,116.48834,39.962127,1877.0,17450,,
152867,163,2009-04-17 03:05:56,2009-04-17 04:41:17,116.471548,39.908107,5721.0,17255,,
153081,163,2009-04-17 04:57:26,2009-04-17 09:04:28,116.336647,39.937361,14822.0,14990,,
153448,163,2009-04-17 09:24:25,2009-04-17 14:58:57,116.336005,39.971124,20072.0,14994,,
154528,163,2009-04-17 15:16:43,2009-04-19 01:35:51,116.466486,39.932354,123548.0,17069,"User 163 will move from grid 17069 to grid 17258, arriving around in about 4 months.","User 163 will move from grid 17069 to grid 17258, at 2009-08-29 07:06:16."
156143,163,2009-04-19 02:13:51,2009-04-19 03:13:51,116.588052,40.079018,3600.0,19164,,
156161,163,2009-04-19 03:13:51,2009-04-19 03:47:50,116.588869,40.076474,2039.0,19164,"User 163 will move from grid 19164 to grid 12731, at 2010-04-18 09:29:48.","User 163 will move from grid 19164 to grid 12731, at 2010-04-18 09:29:48."
222568,163,2009-07-28 23:20:31,2009-07-29 10:06:16,116.324955,39.999793,38745.0,14808,"User 163 will move from grid 14808 to grid 12919, arriving around in about 9 months.","User 163 will move from grid 14808 to grid 12919, at 2010-04-18 08:29:50."
223547,163,2009-08-28 10:10:41,2009-08-28 10:45:18,116.471603,39.908077,2077.0,17255,"User 163 will move from grid 17255 to grid 15942, arriving around in about 21 months.","User 163 will move from grid 17255 to grid 15942, at 2011-05-14 12:04:00."
223556,163,2009-08-28 10:45:18,2009-08-28 15:22:48,116.389016,39.947959,16650.0,15936,"User 163 will move from grid 15936 to grid 17075, arriving around in about 8 months.","User 163 will move from grid 15936 to grid 17075, at 2010-04-17 04:53:37."
224233,163,2009-08-28 15:36:32,2009-08-29 02:22:45,116.466471,39.932308,38773.0,17069,"User 163 will move from grid 17069 to grid 12730, arriving around in about 8 months.","User 163 will move from grid 17069 to grid 12730, at 2010-04-18 06:55:38."
224970,163,2009-08-29 02:35:49,2009-08-29 03:26:35,116.44937,39.980124,3046.0,16885,,
225424,163,2009-08-29 03:33:24,2009-08-29 06:45:47,116.431243,39.989119,11543.0,16508,,
226110,163,2009-08-29 07:06:16,2009-08-30 01:35:41,116.477651,39.932002,66565.0,17258,,
227174,163,2009-08-30 02:14:38,2009-08-30 03:02:12,116.396967,39.935215,2854.0,15935,"User 163 will move from grid 15935 to grid 14990, arriving around in about 10 months.","User 163 will move from grid 15935 to grid 14990, at 2010-07-10 04:29:11."
227561,163,2009-08-30 03:02:12,2009-08-30 03:40:22,116.395656,39.939417,2290.0,15935,,
227963,163,2009-08-30 03:40:22,2009-08-30 04:52:46,116.383865,39.938946,4344.0,15746,"User 163 will move from grid 15746 to grid 17077, arriving around in about 12 months.","User 163 will move from grid 15746 to grid 17077, at 2010-09-04 04:30:37."
229066,163,2009-08-30 05:40:41,2009-08-30 06:52:39,116.336774,39.975279,4318.0,14994,,
229129,163,2009-08-30 06:52:39,2009-08-30 10:41:11,116.336744,39.975287,13712.0,14994,"User 163 will move from grid 14994 to grid 16886, arriving around in about 14 months.","User 163 will move from grid 14994 to grid 16886, at 2010-10-10 11:16:23."
230808,163,2009-12-24 02:58:44,2009-12-24 05:56:58,116.477144,39.988993,10694.0,17264,"User 163 will move from grid 17264 to grid 15554, arriving around in about 2 months.","User 163 will move from grid 17264 to grid 15554, at 2010-02-14 06:37:10."
232406,163,2009-12-24 06:58:36,2009-12-24 07:55:51,116.360289,39.945636,3435.0,15369,,
233552,163,2009-12-24 08:16:30,2009-12-24 09:43:29,116.327779,39.971146,5219.0,14805,"User 163 will move from grid 14805 to grid 16880, arriving around in about 11 months.","User 163 will move from grid 14805 to grid 16880, at 2010-11-20 03:21:26."
233751,163,2009-12-24 09:43:29,2009-12-24 11:13:34,116.33678,39.975325,5405.0,14994,,
235215,163,2010-02-14 03:55:44,2010-02-14 04:26:40,116.430999,39.978413,1856.0,16507,"User 163 will move from grid 16507 to grid 16875, arriving around in about 8 months.","User 163 will move from grid 16507 to grid 16875, at 2010-10-22 09:00:54."
235347,163,2010-02-14 04:34:53,2010-02-14 05:37:53,116.411948,39.953057,3780.0,16315,"User 163 will move from grid 16315 to grid 13139, arriving around in about 4 months.","User 163 will move from grid 16315 to grid 13139, at 2010-06-15 04:26:25."
235823,163,2010-02-14 05:37:53,2010-02-14 06:37:10,116.40744,39.948082,3557.0,16125,"User 163 will move from grid 16125 to grid 16886, arriving around in about 11 months.","User 163 will move from grid 16125 to grid 16886, at 2011-01-22 08:59:21."
235971,163,2010-02-14 06:37:10,2010-02-14 08:11:58,116.36857,39.906136,5688.0,15554,"User 163 will move from grid 15554 to grid 14048, at 2012-04-26 08:54:48.","User 163 will move from grid 15554 to grid 14048, at 2012-04-26 08:54:48."
236012,163,2010-02-14 08:11:58,2010-02-14 09:58:49,116.368019,39.908364,6411.0,15554,"User 163 will move from grid 15554 to grid 15938, at 2010-04-10 10:30:05.","User 163 will move from grid 15554 to grid 15938, at 2010-04-10 10:30:05."
236203,163,2010-02-14 09:58:49,2010-02-14 11:04:05,116.369698,39.908077,3916.0,15554,,
236295,163,2010-02-14 11:05:10,2010-02-16 02:26:53,116.442814,39.992807,141703.0,16697,"User 163 will move from grid 16697 to grid 15012, arriving around in about 2 months.","User 163 will move from grid 16697 to grid 15012, at 2010-04-04 08:18:28."
237463,163,2010-02-16 03:20:12,2010-02-16 05:10:00,116.513523,39.994938,6588.0,17832,,
240918,163,2010-02-16 06:36:50,2010-02-16 09:05:09,116.513506,39.997646,8899.0,17832,"User 163 will move from grid 17832 to grid 14427, at 2010-07-25 07:50:23.","User 163 will move from grid 17832 to grid 14427, at 2010-07-25 07:50:23."
241695,163,2010-02-16 09:23:50,2010-02-17 02:09:28,116.45455,39.984034,60338.0,16885,"User 163 will move from grid 16885 to grid 14608, arriving around in about 2 days, on 2010-02-19.","User 163 will move from grid 16885 to grid 14608, at 2010-02-19 07:27:08."
243962,163,2010-02-17 03:52:27,2010-02-17 07:39:53,116.336777,39.936411,13646.0,14990,,
244911,163,2010-02-17 08:01:55,2010-02-17 09:59:54,116.336693,39.97514,7079.0,14994,,
245083,163,2010-02-17 09:59:54,2010-02-17 11:43:14,116.336837,39.975206,6200.0,14994,,
246269,163,2010-02-17 12:14:52,2010-02-18 03:18:53,116.446659,39.983866,54241.0,16885,"User 163 will move from grid 16885 to grid 17075, arriving around in about 12 months.","User 163 will move from grid 16885 to grid 17075, at 2011-02-07 04:27:16."
246351,163,2010-02-18 03:18:53,2010-02-18 05:04:34,116.467492,39.993413,6341.0,17075,"User 163 will move from grid 17075 to grid 13892, arriving around in about 4 months.","User 163 will move from grid 17075 to grid 13892, at 2010-06-15 06:40:14."
246357,163,2010-02-18 05:04:34,2010-02-19 02:37:29,116.449695,39.987058,77575.0,16886,"User 163 will move from grid 16886 to grid 16512, arriving around in about 2 months.","User 163 will move from grid 16886 to grid 16512, at 2010-04-18 03:21:29."
249652,163,2010-02-19 03:59:10,2010-02-19 06:36:45,116.449319,39.980082,9455.0,16885,"User 163 will move from grid 16885 to grid 17075, arriving around in about 8 months.","User 163 will move from grid 16885 to grid 17075, at 2010-10-07 09:16:30."
251441,163,2010-02-19 07:27:08,2010-02-19 07:57:20,116.31319,39.895432,1812.0,14608,,
252783,163,2010-02-19 08:32:05,2010-02-19 09:37:05,116.371969,39.898605,3900.0,15553,"User 163 will move from grid 15553 to grid 12921, arriving around in about 2 months.","User 163 will move from grid 15553 to grid 12921, at 2010-04-18 05:16:48."
259591,163,2010-04-03 09:31:36,2010-04-04 04:29:47,116.449358,39.980097,68291.0,16885,"User 163 will move from grid 16885 to grid 16514, at 2010-04-05 05:28:15.","User 163 will move from grid 16885 to grid 16514, at 2010-04-05 05:28:15."
262223,163,2010-04-04 05:43:00,2010-04-04 07:54:18,116.324993,40.12773,7878.0,14822,,
263237,163,2010-04-04 08:18:28,2010-04-04 08:48:56,116.336715,40.130288,1828.0,15012,,
265627,163,2010-04-04 10:10:52,2010-04-05 04:26:50,116.449404,39.98011,65758.0,16885,"User 163 will move from grid 16885 to grid 12918, at 2010-04-18 07:31:28.","User 163 will move from grid 16885 to grid 12918, at 2010-04-18 07:31:28."
266563,163,2010-04-05 04:46:42,2010-04-05 05:28:15,116.431073,40.043732,2493.0,16514,"User 163 will move from grid 16514 to grid 16500, arriving around in about 6 months.","User 163 will move from grid 16514 to grid 16500, at 2010-10-06 09:06:41."
266818,163,2010-04-05 05:28:15,2010-04-05 06:28:07,116.430862,40.043791,3592.0,16514,,
267346,163,2010-04-05 06:49:14,2010-04-07 12:23:10,116.466303,39.992744,192836.0,17075,"User 163 will move from grid 17075 to grid 13851, at 2010-07-25 03:26:41.","User 163 will move from grid 17075 to grid 13851, at 2010-07-25 03:26:41."
268143,163,2010-04-07 12:39:23,2010-04-10 10:10:30,116.449315,39.98011,250267.0,16885,,
268880,163,2010-04-10 10:30:05,2010-04-10 14:13:58,116.396173,39.962016,13433.0,15938,,
269888,163,2010-04-10 14:26:44,2010-04-11 02:03:34,116.449449,39.980151,41810.0,16885,"User 163 will move from grid 16885 to grid 17075, arriving around in about 10 months.","User 163 will move from grid 16885 to grid 17075, at 2011-02-13 06:58:03."
270818,163,2010-04-11 02:19:30,2010-04-16 13:40:59,116.336668,39.975136,472889.0,14994,"User 163 will move from grid 14994 to grid 16695, arriving around in about 6 months.","User 163 will move from grid 14994 to grid 16695, at 2010-10-18 00:05:32."
271694,163,2010-04-16 13:55:34,2010-04-17 04:19:01,116.449396,39.980184,51807.0,16885,,
272465,163,2010-04-17 04:53:37,2010-04-17 08:59:04,116.466401,39.988166,14727.0,17075,"User 163 will move from grid 17075 to grid 16695, arriving around in about 10 months.","User 163 will move from grid 17075 to grid 16695, at 2011-02-09 23:53:33."
272874,163,2010-04-17 09:07:23,2010-04-18 03:10:47,116.454443,39.98417,65004.0,16885,,
273411,163,2010-04-18 03:21:29,2010-04-18 04:30:47,116.430954,40.027942,4158.0,16512,,
275021,163,2010-04-18 05:16:48,2010-04-18 06:05:30,116.200395,40.025002,2922.0,12921,"User 163 will move from grid 12921 to grid 17075, arriving around in about 6 months.","User 163 will move from grid 12921 to grid 17075, at 2010-10-16 04:24:49."
275485,163,2010-04-18 06:05:30,2010-04-18 06:55:38,116.19668,40.016013,3008.0,12731,"User 163 will move from grid 12731 to grid 18975, arriving around in about 19 months.","User 163 will move from grid 12731 to grid 18975, at 2011-10-31 11:45:38."
275942,163,2010-04-18 06:55:38,2010-04-18 07:31:28,116.197189,40.007019,2150.0,12730,,
276289,163,2010-04-18 07:31:28,2010-04-18 08:03:06,116.202839,39.998021,1898.0,12918,"User 163 will move from grid 12918 to grid 16695, arriving around in about 6 months.","User 163 will move from grid 12918 to grid 16695, at 2010-10-28 00:14:50."
276840,163,2010-04-18 08:29:50,2010-04-18 09:29:48,116.204551,40.007043,3598.0,12919,"User 163 will move from grid 12919 to grid 16695, at 2010-07-30 00:14:11.","User 163 will move from grid 12919 to grid 16695, at 2010-07-30 00:14:11."
277481,163,2010-04-18 09:29:48,2010-04-18 10:09:03,116.197157,40.01604,2355.0,12731,"User 163 will move from grid 12731 to grid 17077, arriving around in about 10 months.","User 163 will move from grid 12731 to grid 17077, at 2011-02-15 04:31:50."
279519,163,2010-04-18 11:00:47,2010-04-18 12:45:21,116.336894,39.975162,6274.0,14994,"User 163 will move from grid 14994 to grid 16695, arriving around in about 6 months.","User 163 will move from grid 14994 to grid 16695, at 2010-10-14 00:10:03."
282087,163,2010-06-14 13:58:33,2010-06-15 02:12:16,116.449328,39.980124,44023.0,16885,,
286565,163,2010-06-15 04:26:25,2010-06-15 06:06:04,116.218908,40.287735,5979.0,13139,"User 163 will move from grid 13139 to grid 16886, arriving around in about 18 months.","User 163 will move from grid 13139 to grid 16886, at 2011-12-10 22:37:10."
287437,163,2010-06-15 06:40:14,2010-06-15 08:14:38,116.266085,40.257839,5664.0,13892,"User 163 will move from grid 13892 to grid 17075, arriving around in about 2 months.","User 163 will move from grid 13892 to grid 17075, at 2010-08-21 07:35:21."
292785,163,2010-07-09 14:30:09,2010-07-10 03:54:29,116.449371,39.980133,48260.0,16885,"User 163 will move from grid 16885 to grid 16695, arriving around in about 17 months.","User 163 will move from grid 16885 to grid 16695, at 2011-12-16 14:44:04."
294135,163,2010-07-10 04:29:11,2010-07-10 10:50:22,116.33666,39.936061,22871.0,14990,"User 163 will move from grid 14990 to grid 16882, arriving around in about 3 months.","User 163 will move from grid 14990 to grid 16882, at 2010-10-23 07:14:36."
295338,163,2010-07-10 11:25:27,2010-07-11 03:46:43,116.449367,39.980137,58876.0,16885,"User 163 will move from grid 16885 to grid 16695, arriving around in about 7 months.","User 163 will move from grid 16885 to grid 16695, at 2011-02-16 23:59:36."
296509,163,2010-07-11 04:05:41,2010-07-11 05:36:36,116.454583,39.877736,5455.0,16874,,
297739,163,2010-07-23 12:54:45,2010-07-24 02:56:35,116.449382,39.980086,50510.0,16885,,
297996,163,2010-07-24 02:59:36,2010-07-24 08:01:08,116.467608,39.989002,18092.0,17075,"User 163 will move from grid 17075 to grid 16512, arriving around in about 3 months.","User 163 will move from grid 17075 to grid 16512, at 2010-10-10 04:14:40."
298373,163,2010-07-24 08:05:40,2010-07-25 01:51:52,116.454446,39.984196,63972.0,16885,"User 163 will move from grid 16885 to grid 17076, at 2010-09-04 08:41:42.","User 163 will move from grid 16885 to grid 17076, at 2010-09-04 08:41:42."
299817,163,2010-07-25 02:22:39,2010-07-25 03:10:46,116.365216,39.908155,2887.0,15554,"User 163 will move from grid 15554 to grid 16886, arriving around in about 2 months.","User 163 will move from grid 15554 to grid 16886, at 2010-10-05 09:56:26."
300338,163,2010-07-25 03:26:41,2010-07-25 06:06:42,116.267691,39.890061,9601.0,13851,"User 163 will move from grid 13851 to grid 16886, arriving around in about 8 months.","User 163 will move from grid 13851 to grid 16886, at 2011-03-26 11:30:49."
301159,163,2010-07-25 06:25:45,2010-07-25 07:06:08,116.372139,39.898515,2423.0,15553,"User 163 will move from grid 15553 to grid 17076, arriving around in about 4 months.","User 163 will move from grid 15553 to grid 17076, at 2010-12-04 09:15:33."
302150,163,2010-07-25 07:50:23,2010-07-25 08:42:28,116.301414,39.974427,3125.0,14427,,
302629,163,2010-07-25 09:04:29,2010-07-25 09:54:31,116.297861,39.962125,3002.0,14426,"User 163 will move from grid 14426 to grid 16128, arriving around in about 3 months.","User 163 will move from grid 14426 to grid 16128, at 2010-10-29 06:01:20."
304590,163,2010-07-25 10:38:46,2010-07-25 12:44:27,116.372112,39.89853,7541.0,15553,,
305901,163,2010-07-25 13:09:46,2010-07-29 12:17:35,116.449385,39.980088,342469.0,16885,"User 163 will move from grid 16885 to grid 14433, arriving around in about 8 months.","User 163 will move from grid 16885 to grid 14433, at 2011-03-13 05:50:08."
306146,163,2010-07-29 12:23:34,2010-07-30 00:11:31,116.44934,39.980103,42477.0,16885,"User 163 will move from grid 16885 to grid 14577, at 2011-02-08 06:37:13.","User 163 will move from grid 16885 to grid 14577, at 2011-02-08 06:37:13."
306410,163,2010-07-30 00:14:11,2010-07-30 12:40:01,116.442794,39.972918,44750.0,16695,,
307290,163,2010-07-30 13:00:30,2010-07-31 07:43:24,116.44933,39.980125,67374.0,16885,,
307588,163,2010-07-31 07:57:51,2010-07-31 08:49:53,116.454597,39.987957,3122.0,16886,"User 163 will move from grid 16886 to grid 16886, arriving around in about 3 months.","User 163 will move from grid 16886 to grid 16886, at 2010-10-30 04:53:34."
308124,163,2010-07-31 08:49:53,2010-07-31 09:39:31,116.466381,39.988066,2978.0,17075,"User 163 will move from grid 17075 to grid 17077, arriving around in about 6 months.","User 163 will move from grid 17075 to grid 17077, at 2011-01-15 04:13:13."
308747,163,2010-07-31 10:05:16,2010-08-06 08:32:27,116.44931,39.980065,512831.0,16885,,
313944,163,2010-08-06 10:07:45,2010-08-08 09:34:26,117.538978,40.874469,170801.0,34372,,
352118,163,2010-08-08 11:28:51,2010-08-08 12:29:46,116.466241,39.982697,3655.0,17074,"User 163 will move from grid 17074 to grid 16886, arriving around in about 16 months.","User 163 will move from grid 17074 to grid 16886, at 2011-11-22 17:41:05."
353913,163,2010-08-21 06:42:44,2010-08-21 07:35:16,116.467492,39.988982,3152.0,17075,"User 163 will move from grid 17075 to grid 16884, at 2012-02-19 15:03:36.","User 163 will move from grid 17075 to grid 16884, at 2012-02-19 15:03:36."
353949,163,2010-08-21 07:35:21,2010-08-21 10:15:44,116.4686,39.988922,9623.0,17075,"User 163 will move from grid 17075 to grid 16697, arriving around in about 2 months.","User 163 will move from grid 17075 to grid 16697, at 2010-10-16 12:35:53."
354359,163,2010-08-21 10:19:31,2010-08-22 01:42:14,116.4544,39.98398,55363.0,16885,"User 163 will move from grid 16885 to grid 16695, arriving around in about 2 months.","User 163 will move from grid 16885 to grid 16695, at 2010-10-27 00:14:56."
355052,163,2010-08-22 01:59:40,2010-08-22 03:41:17,116.513654,39.997558,6097.0,17832,,
362987,163,2010-08-29 12:32:39,2010-09-04 02:10:54,116.449302,39.980082,481095.0,16885,"User 163 will move from grid 16885 to grid 16875, arriving around in about 2 months.","User 163 will move from grid 16885 to grid 16875, at 2010-10-26 00:29:36."
363361,163,2010-09-04 02:18:43,2010-09-04 03:08:51,116.461269,40.00713,3008.0,17077,,
364286,163,2010-09-04 03:32:55,2010-09-04 04:10:53,116.463329,39.962018,2278.0,17072,,
365027,163,2010-09-04 04:30:37,2010-09-04 08:28:51,116.461521,40.007117,14294.0,17077,,
365399,163,2010-09-04 08:41:42,2010-09-04 09:56:17,116.461597,39.997881,4475.0,17076,"User 163 will move from grid 17076 to grid 15554, arriving around in the next month.","User 163 will move from grid 17076 to grid 15554, at 2010-10-06 10:46:15."
366205,163,2010-10-04 10:07:19,2010-10-05 07:10:00,116.449316,39.980122,75761.0,16885,"User 163 will move from grid 16885 to grid 16695, at 2010-10-22 01:43:24.","User 163 will move from grid 16885 to grid 16695, at 2010-10-22 01:43:24."
366605,163,2010-10-05 07:15:03,2010-10-05 09:50:29,116.419103,39.992227,9326.0,16319,,
367001,163,2010-10-05 09:56:26,2010-10-06 08:46:05,116.45108,39.989029,82179.0,16886,,
367972,163,2010-10-06 09:06:41,2010-10-06 10:17:04,116.428278,39.917079,4223.0,16500,"User 163 will move from grid 16500 to grid 16695, arriving around in about 2 days, on 2010-10-09.","User 163 will move from grid 16500 to grid 16695, at 2010-10-09 00:14:47."
368712,163,2010-10-06 10:46:15,2010-10-06 12:00:10,116.367416,39.908145,4435.0,15554,,
369895,163,2010-10-06 12:21:28,2010-10-07 09:13:13,116.449412,39.980134,75105.0,16885,,
370118,163,2010-10-07 09:16:30,2010-10-07 10:47:14,116.461577,39.98909,5444.0,17075,,
370322,163,2010-10-07 10:48:37,2010-10-08 00:06:51,116.454514,39.984183,47894.0,16885,,
370588,163,2010-10-08 00:10:17,2010-10-08 13:53:39,116.442685,39.973009,49402.0,16695,,
370681,163,2010-10-08 13:56:48,2010-10-08 23:56:29,116.449364,39.980141,35981.0,16885,,
371001,163,2010-10-09 00:14:47,2010-10-09 16:32:59,116.442727,39.973036,58692.0,16695,"User 163 will move from grid 16695 to grid 16886, arriving around in about 3 weeks, specifically next Friday.","User 163 will move from grid 16695 to grid 16886, at 2010-10-29 21:49:18."
371428,163,2010-10-09 16:40:00,2010-10-10 02:57:23,116.4493,39.980097,37043.0,16885,,
372237,163,2010-10-10 03:13:34,2010-10-10 04:07:45,116.431063,40.031108,3251.0,16513,,
372428,163,2010-10-10 04:14:40,2010-10-10 11:04:36,116.431011,40.029155,24596.0,16512,"User 163 will move from grid 16512 to grid 16514, arriving around in about 2 months.","User 163 will move from grid 16512 to grid 16514, at 2010-12-11 06:43:21."
372899,163,2010-10-10 11:16:23,2010-10-11 00:00:52,116.447816,39.988988,45869.0,16886,"User 163 will move from grid 16886 to grid 16886, arriving around in about 3 weeks, specifically next Saturday.","User 163 will move from grid 16886 to grid 16886, at 2010-10-30 03:07:07."
373096,163,2010-10-11 00:06:03,2010-10-11 16:07:23,116.441484,39.971954,57680.0,16695,,
373670,163,2010-10-11 16:17:40,2010-10-12 01:40:05,116.449392,39.980123,33745.0,16885,,
373961,163,2010-10-12 01:43:21,2010-10-12 15:28:35,116.44272,39.972983,49514.0,16695,"User 163 will move from grid 16695 to grid 14419, arriving around in about 4 months.","User 163 will move from grid 16695 to grid 14419, at 2011-02-06 14:07:51."
374431,163,2010-10-12 15:36:09,2010-10-13 01:55:38,116.449294,39.980108,37169.0,16885,"User 163 will move from grid 16885 to grid 17075, at 2010-10-23 10:35:33.","User 163 will move from grid 16885 to grid 17075, at 2010-10-23 10:35:33."
374672,163,2010-10-13 01:57:46,2010-10-13 13:53:53,116.442791,39.973035,42967.0,16695,"User 163 will move from grid 16695 to grid 14808, arriving around in about 21 months.","User 163 will move from grid 16695 to grid 14808, at 2012-06-24 17:38:25."
374763,163,2010-10-13 13:56:56,2010-10-14 00:06:27,116.449309,39.980072,36571.0,16885,"User 163 will move from grid 16885 to grid 16887, arriving around in about 4 months.","User 163 will move from grid 16885 to grid 16887, at 2011-02-04 09:12:52."
375033,163,2010-10-14 00:10:03,2010-10-14 08:47:33,116.44273,39.972942,31050.0,16695,"User 163 will move from grid 16695 to grid 17076, arriving around in about 20 months.","User 163 will move from grid 16695 to grid 17076, at 2012-05-26 17:35:10."
375758,163,2010-10-14 10:19:07,2010-10-14 13:19:22,116.454286,39.895695,10815.0,16876,"User 163 will move from grid 16876 to grid 16132, arriving around in about 3 months.","User 163 will move from grid 16876 to grid 16132, at 2011-01-15 07:45:25."
375897,163,2010-10-14 13:25:37,2010-10-15 00:53:06,116.449394,39.980194,41249.0,16885,"User 163 will move from grid 16885 to grid 17066, arriving around in about 1 weeks, specifically next Friday.","User 163 will move from grid 16885 to grid 17066, at 2010-10-22 14:13:48."
376208,163,2010-10-15 00:56:50,2010-10-15 13:27:05,116.442748,39.972958,45015.0,16695,"User 163 will move from grid 16695 to grid 16886, arriving around in about 3 months.","User 163 will move from grid 16695 to grid 16886, at 2011-01-15 09:51:17."
376289,163,2010-10-15 13:29:15,2010-10-16 04:20:34,116.449383,39.980136,53479.0,16885,"User 163 will move from grid 16885 to grid 16126, arriving around in about 20 months.","User 163 will move from grid 16885 to grid 16126, at 2012-05-25 18:44:20."
376525,163,2010-10-16 04:24:49,2010-10-16 10:13:04,116.467544,39.988997,20895.0,17075,,
379887,163,2010-10-16 12:35:53,2010-10-18 00:01:32,116.444809,39.98905,127539.0,16697,"User 163 will move from grid 16697 to grid 14986, arriving around in about 4 months.","User 163 will move from grid 16697 to grid 14986, at 2011-02-16 04:00:44."
380093,163,2010-10-18 00:05:32,2010-10-18 14:45:23,116.442747,39.972924,52791.0,16695,,
380717,163,2010-10-18 14:58:16,2010-10-18 16:04:29,116.449457,39.980217,3973.0,16885,"User 163 will move from grid 16885 to grid 16691, arriving around in about 3 months.","User 163 will move from grid 16885 to grid 16691, at 2011-01-29 03:27:56."
381361,163,2010-10-18 16:05:04,2010-10-20 00:00:57,116.454023,39.984959,114953.0,16885,"User 163 will move from grid 16885 to grid 17075, arriving around in about 16 months.","User 163 will move from grid 16885 to grid 17075, at 2012-02-03 19:10:55."
384691,163,2010-10-20 00:03:26,2010-10-20 13:41:31,116.442755,39.973093,49085.0,16695,"User 163 will move from grid 16695 to grid 16886, at 2012-03-03 17:33:08.","User 163 will move from grid 16695 to grid 16886, at 2012-03-03 17:33:08."
384783,163,2010-10-20 13:43:16,2010-10-21 00:21:44,116.449449,39.98013,38308.0,16885,,
385052,163,2010-10-21 00:24:11,2010-10-21 15:02:23,116.442697,39.972927,52692.0,16695,,
385606,163,2010-10-21 15:15:26,2010-10-22 01:40:13,116.448248,39.989,37487.0,16886,,
385844,163,2010-10-22 01:43:24,2010-10-22 08:54:36,116.442788,39.973,25872.0,16695,"User 163 will move from grid 16695 to grid 16695, arriving around in about 2 days, on 2010-10-25.","User 163 will move from grid 16695 to grid 16695, at 2010-10-25 00:25:48."
386062,163,2010-10-22 09:00:54,2010-10-22 13:37:28,116.454548,39.892324,16594.0,16875,,
386341,163,2010-10-22 14:13:48,2010-10-22 14:59:47,116.466473,39.906241,2759.0,17066,,
386520,163,2010-10-22 15:02:46,2010-10-23 06:57:24,116.449323,39.980116,57278.0,16885,,
387069,163,2010-10-23 07:14:36,2010-10-23 10:06:30,116.454636,39.951688,10314.0,16882,"User 163 will move from grid 16882 to grid 17075, arriving around in about 20 months.","User 163 will move from grid 16882 to grid 17075, at 2012-06-16 11:38:58."
387851,163,2010-10-23 10:35:33,2010-10-23 12:04:31,116.46167,39.989136,5338.0,17075,,
388114,163,2010-10-23 12:05:38,2010-10-25 00:22:10,116.454563,39.98417,130592.0,16885,,
388545,163,2010-10-25 00:25:48,2010-10-25 23:50:53,116.442781,39.97303,84305.0,16695,,
388831,163,2010-10-26 00:29:36,2010-10-26 09:41:03,116.45423,39.892275,33087.0,16875,"User 163 will move from grid 16875 to grid 16514, arriving around in about 3 months.","User 163 will move from grid 16875 to grid 16514, at 2011-02-07 03:36:02."
389134,163,2010-10-26 09:53:08,2010-10-27 00:06:51,116.44951,39.980071,51223.0,16885,,
389435,163,2010-10-27 00:14:56,2010-10-27 10:48:50,116.442746,39.973006,38034.0,16695,"User 163 will move from grid 16695 to grid 15365, arriving around in about 3 months.","User 163 will move from grid 16695 to grid 15365, at 2011-02-08 02:29:09."
389581,163,2010-10-27 10:51:36,2010-10-28 00:07:06,116.449262,39.980073,47730.0,16885,"User 163 will move from grid 16885 to grid 17075, arriving around in about 3 weeks, specifically next Sunday.","User 163 will move from grid 16885 to grid 17075, at 2010-11-21 05:15:10."
389952,163,2010-10-28 00:14:50,2010-10-28 10:35:18,116.44278,39.973028,37228.0,16695,"User 163 will move from grid 16695 to grid 14419, arriving around in about 7 months.","User 163 will move from grid 16695 to grid 14419, at 2011-05-14 06:04:03."
390216,163,2010-10-28 10:41:49,2010-10-29 00:05:56,116.449293,39.980116,48247.0,16885,,
390574,163,2010-10-29 00:08:22,2010-10-29 04:31:59,116.442757,39.972978,15817.0,16695,,
390636,163,2010-10-29 04:34:29,2010-10-29 06:01:20,116.40741,39.967373,5211.0,16128,,
390735,163,2010-10-29 06:01:20,2010-10-29 09:59:18,116.407492,39.967437,14278.0,16128,,
390802,163,2010-10-29 09:59:57,2010-10-29 21:41:59,116.449458,39.980095,42122.0,16885,"User 163 will move from grid 16885 to grid 18975, arriving around in about 2 months.","User 163 will move from grid 16885 to grid 18975, at 2010-12-23 00:14:45."
397953,163,2010-10-29 21:49:18,2010-10-29 22:43:38,116.448232,39.98892,3260.0,16886,"User 163 will move from grid 16886 to grid 16886, arriving around later today, late at night.","User 163 will move from grid 16886 to grid 16886, at 2010-10-29 22:48:28."
398604,163,2010-10-29 22:48:28,2010-10-30 02:48:08,116.447166,39.989038,14380.0,16886,"User 163 will move from grid 16886 to grid 9555, arriving around in about 18 months.","User 163 will move from grid 16886 to grid 9555, at 2012-04-30 16:32:19."
401283,163,2010-10-30 03:07:07,2010-10-30 04:52:16,116.44828,39.986402,6309.0,16886,,
402385,163,2010-10-30 04:53:34,2010-10-30 05:52:34,116.446921,39.989014,3540.0,16886,,
443284,163,2010-11-13 13:26:15,2010-11-14 05:51:32,116.449385,39.980087,59117.0,16885,"User 163 will move from grid 16885 to grid 16691, arriving around in about 4 weeks, specifically next Saturday.","User 163 will move from grid 16885 to grid 16691, at 2010-12-11 08:29:53."
443797,163,2010-11-14 06:11:35,2010-11-14 07:24:57,116.466484,39.993094,4402.0,17075,,
443978,163,2010-11-14 07:31:23,2010-11-20 03:09:31,116.454473,39.98413,502688.0,16885,"User 163 will move from grid 16885 to grid 16695, arriving around in about 19 months.","User 163 will move from grid 16885 to grid 16695, at 2012-06-22 13:32:55."
444637,163,2010-11-20 03:21:26,2010-11-20 07:47:58,116.449206,39.935039,15992.0,16880,"User 163 will move from grid 16880 to grid 17075, at 2010-12-04 04:59:35.","User 163 will move from grid 16880 to grid 17075, at 2010-12-04 04:59:35."
445438,163,2010-11-20 08:27:11,2010-11-21 05:01:54,116.448883,39.980098,74083.0,16885,,
445876,163,2010-11-21 05:15:10,2010-11-21 06:34:00,116.466405,39.993076,4730.0,17075,"User 163 will move from grid 17075 to grid 15553, arriving around in about 3 months.","User 163 will move from grid 17075 to grid 15553, at 2011-02-08 03:15:37."
447407,163,2010-12-04 04:59:35,2010-12-04 08:43:28,116.467635,39.988995,13433.0,17075,"User 163 will move from grid 17075 to grid 16318, at 2011-02-12 10:10:11.","User 163 will move from grid 17075 to grid 16318, at 2011-02-12 10:10:11."
448006,163,2010-12-04 09:15:33,2010-12-04 10:34:06,116.46161,39.998146,4713.0,17076,,
448363,163,2010-12-04 10:43:31,2010-12-05 05:59:05,116.451023,39.988988,69334.0,16886,"User 163 will move from grid 16886 to grid 16691, arriving around in about 15 months.","User 163 will move from grid 16886 to grid 16691, at 2012-03-06 08:34:04."
449013,163,2010-12-05 06:40:04,2010-12-11 06:26:24,116.454581,39.984252,517580.0,16885,,
449760,163,2010-12-11 06:43:21,2010-12-11 07:29:08,116.426721,40.043091,2747.0,16514,,
451307,163,2010-12-11 08:29:53,2010-12-11 10:00:45,116.442967,39.932293,5452.0,16691,"User 163 will move from grid 16691 to grid 16875, at 2010-12-12 06:35:13.","User 163 will move from grid 16691 to grid 16875, at 2010-12-12 06:35:13."
451948,163,2010-12-11 10:18:12,2010-12-12 05:30:07,116.44941,39.980066,69115.0,16885,,
453269,163,2010-12-12 06:35:13,2010-12-12 07:14:03,116.455594,39.890116,2330.0,16875,,
455575,163,2010-12-23 00:14:45,2010-12-27 08:36:35,116.583629,40.079024,375710.0,18975,,
501633,163,2010-12-27 08:48:39,2010-12-27 11:31:31,116.449358,39.980134,9772.0,16885,,
502301,163,2011-01-15 04:13:13,2011-01-15 07:33:56,116.461475,40.007053,12043.0,17077,,
502850,163,2011-01-15 07:45:25,2011-01-15 09:37:17,116.407425,40.00468,6712.0,16132,,
503338,163,2011-01-15 09:51:17,2011-01-22 01:38:30,116.451015,39.988988,575233.0,16886,"User 163 will move from grid 16886 to grid 17076, arriving around in about 17 months.","User 163 will move from grid 16886 to grid 17076, at 2012-06-02 12:27:32."
505682,163,2011-01-22 03:29:55,2011-01-22 04:35:50,116.449367,39.980117,3955.0,16885,"User 163 will move from grid 16885 to grid 16887, arriving around in about 18 months.","User 163 will move from grid 16885 to grid 16887, at 2012-07-08 12:58:12."
506214,163,2011-01-22 04:48:56,2011-01-22 06:15:42,116.454636,39.984088,5206.0,16885,"User 163 will move from grid 16885 to grid 17077, at 2011-01-22 06:40:21.","User 163 will move from grid 16885 to grid 17077, at 2011-01-22 06:40:21."
507070,163,2011-01-22 06:40:21,2011-01-22 08:53:54,116.461484,40.007114,8013.0,17077,,
507485,163,2011-01-22 08:59:21,2011-01-29 03:05:54,116.450843,39.989008,583593.0,16886,,
508343,163,2011-01-29 03:27:56,2011-01-29 05:47:45,116.442924,39.932525,8389.0,16691,,
509151,163,2011-01-29 06:07:16,2011-01-29 09:21:34,116.442785,39.970317,11658.0,16695,"User 163 will move from grid 16695 to grid 15932, arriving around in about 12 months.","User 163 will move from grid 16695 to grid 15932, at 2012-01-28 18:38:47."
510927,163,2011-01-29 10:20:26,2011-01-29 15:01:59,116.449319,39.980073,16893.0,16885,,
513451,163,2011-01-29 15:54:54,2011-02-01 09:03:23,116.449365,39.980131,234509.0,16885,,
514358,163,2011-02-01 09:39:42,2011-02-02 03:05:31,116.449481,39.980152,62749.0,16885,"User 163 will move from grid 16885 to grid 12918, arriving around in about 2 days, on 2011-02-04.","User 163 will move from grid 16885 to grid 12918, at 2011-02-04 04:33:34."
517612,163,2011-02-02 04:42:01,2011-02-02 07:07:43,116.34849,39.868314,8742.0,15172,,
519099,163,2011-02-02 07:32:02,2011-02-03 10:09:09,116.449374,39.980126,95827.0,16885,"User 163 will move from grid 16885 to grid 15741, at 2011-02-07 11:05:36.","User 163 will move from grid 16885 to grid 15741, at 2011-02-07 11:05:36."
520390,163,2011-02-03 10:33:26,2011-02-03 12:19:51,116.319846,39.926119,6385.0,14800,"User 163 will move from grid 14800 to grid 14623, arriving around in the next month.","User 163 will move from grid 14800 to grid 14623, at 2011-03-13 04:34:05."
522363,163,2011-02-03 13:01:26,2011-02-04 03:44:05,116.44939,39.980189,52959.0,16885,"User 163 will move from grid 16885 to grid 17075, arriving around in about 16 months.","User 163 will move from grid 16885 to grid 17075, at 2012-06-10 14:13:49."
523963,163,2011-02-04 04:33:34,2011-02-04 06:42:31,116.202838,39.998061,7737.0,12918,,
525278,163,2011-02-04 07:11:56,2011-02-04 08:19:41,116.199752,40.007036,4065.0,12919,,
527457,163,2011-02-04 09:12:52,2011-02-04 10:55:12,116.454702,39.995803,6140.0,16887,,
527664,163,2011-02-04 10:57:17,2011-02-06 13:47:51,116.454557,39.98428,183034.0,16885,,
528964,163,2011-02-06 14:07:51,2011-02-06 14:42:17,116.304114,39.899094,2066.0,14419,"User 163 will move from grid 14419 to grid 16695, at 2011-02-15 01:46:05.","User 163 will move from grid 14419 to grid 16695, at 2011-02-15 01:46:05."
530498,163,2011-02-06 15:06:18,2011-02-07 03:22:51,116.449411,39.980147,44193.0,16885,"User 163 will move from grid 16885 to grid 17264, arriving around in about 11 months.","User 163 will move from grid 16885 to grid 17264, at 2011-12-31 18:32:16."
531183,163,2011-02-07 03:36:02,2011-02-07 04:10:26,116.426748,40.043015,2064.0,16514,,
531819,163,2011-02-07 04:27:16,2011-02-07 07:36:51,116.467974,39.989032,11375.0,17075,"User 163 will move from grid 17075 to grid 17259, arriving around in about 9 months.","User 163 will move from grid 17075 to grid 17259, at 2011-10-22 12:48:03."
532176,163,2011-02-07 07:41:42,2011-02-07 10:32:55,116.454484,39.984178,10273.0,16885,,
533612,163,2011-02-07 11:05:36,2011-02-07 12:53:26,116.37827,39.890036,6470.0,15741,,
534951,163,2011-02-07 13:20:45,2011-02-08 01:58:33,116.449377,39.980145,45468.0,16885,"User 163 will move from grid 16885 to grid 15931, arriving around in about 12 months.","User 163 will move from grid 16885 to grid 15931, at 2012-01-24 12:57:15."
536307,163,2011-02-08 02:29:09,2011-02-08 03:08:40,116.360352,39.911599,2371.0,15365,"User 163 will move from grid 15365 to grid 16862, arriving around in about 12 months.","User 163 will move from grid 15365 to grid 16862, at 2012-01-23 15:39:37."
536631,163,2011-02-08 03:15:37,2011-02-08 05:57:22,116.372166,39.898366,9705.0,15553,"User 163 will move from grid 15553 to grid 15941, arriving around in about 13 months.","User 163 will move from grid 15553 to grid 15941, at 2012-02-25 11:41:55."
538897,163,2011-02-08 06:37:13,2011-02-08 08:23:41,116.307209,39.620497,6388.0,14577,"User 163 will move from grid 14577 to grid 16887, arriving around in about 9 months.","User 163 will move from grid 14577 to grid 16887, at 2011-11-19 14:33:40."
542084,163,2011-02-08 09:26:04,2011-02-08 23:50:47,116.449416,39.980177,51883.0,16885,"User 163 will move from grid 16885 to grid 15931, arriving around in about 3 months.","User 163 will move from grid 16885 to grid 15931, at 2011-05-15 03:13:08."
542197,163,2011-02-08 23:50:47,2011-02-09 09:54:46,116.449145,39.980011,36239.0,16885,,
542339,163,2011-02-09 09:54:46,2011-02-09 23:49:37,116.449321,39.980119,50091.0,16885,"User 163 will move from grid 16885 to grid 15932, arriving around in about 1 weeks, specifically next Saturday.","User 163 will move from grid 16885 to grid 15932, at 2011-02-19 09:47:24."
542656,163,2011-02-09 23:53:33,2011-02-10 09:37:29,116.442763,39.973014,35036.0,16695,,
542715,163,2011-02-10 09:39:22,2011-02-10 23:46:27,116.449357,39.980176,50825.0,16885,"User 163 will move from grid 16885 to grid 16877, at 2011-02-11 01:25:18.","User 163 will move from grid 16885 to grid 16877, at 2011-02-11 01:25:18."
543000,163,2011-02-10 23:55:16,2011-02-11 00:28:02,116.442798,39.972857,1966.0,16695,,
543465,163,2011-02-11 01:25:18,2011-02-11 23:49:05,116.4545,39.906829,80627.0,16877,,
543695,163,2011-02-11 23:55:17,2011-02-12 04:45:03,116.44279,39.973064,17386.0,16695,,
544344,163,2011-02-12 05:38:24,2011-02-12 10:10:11,116.454544,39.906691,16307.0,16877,,
544444,163,2011-02-12 10:10:11,2011-02-12 12:16:47,116.411453,39.982105,7596.0,16318,"User 163 will move from grid 16318 to grid 16886, arriving around in about 13 months.","User 163 will move from grid 16318 to grid 16886, at 2012-03-10 18:58:05."
544770,163,2011-02-12 12:21:44,2011-02-13 03:27:02,116.449416,39.980188,54318.0,16885,,
545184,163,2011-02-13 03:34:06,2011-02-13 06:39:52,116.461455,40.007097,11146.0,17077,"User 163 will move from grid 17077 to grid 16322, arriving around in about 10 months.","User 163 will move from grid 17077 to grid 16322, at 2011-12-03 11:58:02."
545726,163,2011-02-13 06:58:03,2011-02-13 23:39:35,116.466341,39.989995,60092.0,17075,"User 163 will move from grid 17075 to grid 14805, at 2011-02-16 01:26:44.","User 163 will move from grid 17075 to grid 14805, at 2011-02-16 01:26:44."
545938,163,2011-02-13 23:53:15,2011-02-14 11:04:59,116.442758,39.972554,40304.0,16695,"User 163 will move from grid 16695 to grid 14990, arriving around in about 9 months.","User 163 will move from grid 16695 to grid 14990, at 2011-10-29 14:28:37."
546014,163,2011-02-14 11:07:54,2011-02-15 01:40:51,116.449162,39.980214,52377.0,16885,,
546334,163,2011-02-15 01:46:05,2011-02-15 04:15:04,116.442698,39.972919,8939.0,16695,"User 163 will move from grid 16695 to grid 16126, arriving around in about 12 months.","User 163 will move from grid 16695 to grid 16126, at 2012-02-20 18:54:23."
546793,163,2011-02-15 04:31:50,2011-02-15 06:54:41,116.461472,40.007084,8571.0,17077,,
547050,163,2011-02-15 07:03:11,2011-02-15 23:48:20,116.454573,39.988003,60309.0,16886,,
550060,163,2011-02-16 01:26:44,2011-02-16 03:31:23,116.327839,39.971142,7479.0,14805,"User 163 will move from grid 14805 to grid 14805, arriving around in about 9 months.","User 163 will move from grid 14805 to grid 14805, at 2011-11-17 10:40:16."
551627,163,2011-02-16 04:00:44,2011-02-16 05:34:34,116.335891,39.899269,5630.0,14986,"User 163 will move from grid 14986 to grid 16886, arriving around in about 10 months.","User 163 will move from grid 14986 to grid 16886, at 2011-12-03 17:29:44."
551966,163,2011-02-16 05:39:28,2011-02-16 06:40:36,116.304391,39.899126,3668.0,14419,,
552148,163,2011-02-16 06:48:39,2011-02-16 23:56:11,116.449392,39.980156,61652.0,16885,"User 163 will move from grid 16885 to grid 15365, arriving around in about 7 months.","User 163 will move from grid 16885 to grid 15365, at 2011-09-10 05:37:27."
552446,163,2011-02-16 23:59:36,2011-02-19 08:55:35,116.442787,39.973073,204959.0,16695,,
553763,163,2011-02-19 09:47:24,2011-02-19 14:08:18,116.395578,39.906496,15654.0,15932,"User 163 will move from grid 15932 to grid 13439, arriving around in the next month.","User 163 will move from grid 15932 to grid 13439, at 2011-04-04 04:28:25."
556814,163,2011-03-13 04:34:05,2011-03-13 05:42:40,116.313133,40.036118,4115.0,14623,,
557124,163,2011-03-13 05:50:08,2011-03-13 09:43:11,116.301339,40.02451,13983.0,14433,,
559045,163,2011-03-26 05:42:19,2011-03-26 07:01:53,116.454611,39.976378,4774.0,16885,,
559875,163,2011-03-26 08:00:46,2011-03-26 09:44:19,116.447589,39.989042,6213.0,16886,,
560589,163,2011-03-26 10:03:03,2011-03-26 11:17:00,116.411798,40.02509,4437.0,16323,,
561372,163,2011-03-26 11:30:49,2011-03-27 03:58:24,116.451008,39.989027,59255.0,16886,,
564546,163,2011-04-03 05:20:41,2011-04-04 03:54:31,116.307247,39.620392,81230.0,14577,"User 163 will move from grid 14577 to grid 17075, arriving around in about 5 months.","User 163 will move from grid 14577 to grid 17075, at 2011-09-11 05:32:22."
566059,163,2011-04-04 04:28:25,2011-04-04 04:58:35,116.240174,39.584282,1810.0,13439,"User 163 will move from grid 13439 to grid 116, arriving around in about 4 weeks, specifically next Saturday.","User 163 will move from grid 13439 to grid 116, at 2011-04-30 01:29:31."
569637,163,2011-04-04 06:09:52,2011-04-05 04:11:09,116.449462,39.980156,79277.0,16885,,
570626,163,2011-04-05 04:25:41,2011-04-05 10:34:34,116.303323,39.98003,22133.0,14428,,
576963,163,2011-04-30 01:29:31,2011-05-02 11:39:22,115.405856,40.449481,209391.0,116,,
626562,163,2011-05-02 14:02:01,2011-05-06 12:17:05,116.449392,39.980106,339304.0,16885,,
627463,163,2011-05-06 12:31:51,2011-05-07 04:46:57,116.449322,39.980096,58506.0,16885,"User 163 will move from grid 16885 to grid 17076, arriving around in about 12 months.","User 163 will move from grid 16885 to grid 17076, at 2012-05-05 16:23:56."
628477,163,2011-05-07 05:03:53,2011-05-07 08:03:25,116.307255,39.980021,10772.0,14617,,
629719,163,2011-05-07 08:28:39,2011-05-08 03:28:43,116.449337,39.980152,68404.0,16885,,
630033,163,2011-05-08 03:32:49,2011-05-14 05:26:05,116.467547,39.98903,525196.0,17075,,
631909,163,2011-05-14 06:04:03,2011-05-14 06:43:54,116.304043,39.899063,2391.0,14419,"User 163 will move from grid 14419 to grid 17075, arriving around in about 4 months.","User 163 will move from grid 14419 to grid 17075, at 2011-09-03 04:15:02."
634168,163,2011-05-14 07:43:05,2011-05-14 11:47:19,116.449306,39.980105,14654.0,16885,,
634779,163,2011-05-14 12:04:00,2011-05-14 13:35:44,116.389732,39.998041,5504.0,15942,"User 163 will move from grid 15942 to grid 14990, arriving around in about 6 months.","User 163 will move from grid 15942 to grid 14990, at 2011-10-29 15:33:58."
636119,163,2011-05-14 13:54:45,2011-05-15 02:37:55,116.449232,39.98009,45790.0,16885,"User 163 will move from grid 16885 to grid 17058, arriving around in about 8 months.","User 163 will move from grid 16885 to grid 17058, at 2012-01-23 16:50:02."
637555,163,2011-05-15 03:13:08,2011-05-15 05:37:32,116.395445,39.899116,8664.0,15931,,
675811,163,2011-08-29 14:10:24,2011-09-03 04:10:31,116.449338,39.980102,396007.0,16885,,
676085,163,2011-09-03 04:15:02,2011-09-03 08:07:53,116.467675,39.988978,13971.0,17075,,
676465,163,2011-09-03 08:11:19,2011-09-10 04:18:36,116.45456,39.984292,590837.0,16885,,
678353,163,2011-09-10 05:37:27,2011-09-10 08:15:58,116.360349,39.91138,9511.0,15365,,
679696,163,2011-09-10 08:50:27,2011-09-11 04:46:27,116.449306,39.980115,71760.0,16885,,
680278,163,2011-09-11 05:32:22,2011-09-11 06:45:53,116.466355,39.992499,4411.0,17075,,
680694,163,2011-10-17 21:06:45,2011-10-18 07:47:06,116.449354657,39.980106212,38421.0,16885,,
681329,163,2011-10-18 08:35:21,2011-10-18 20:08:04,116.30357589,39.979676247,41563.0,14428,"User 163 will move from grid 14428 to grid 15568, arriving around in about 3 months.","User 163 will move from grid 14428 to grid 15568, at 2012-01-26 12:01:16."
681464,163,2011-10-18 20:18:09,2011-10-19 07:58:34,116.44941014,39.980294731,42025.0,16885,"User 163 will move from grid 16885 to grid 17264, arriving around in the next month.","User 163 will move from grid 16885 to grid 17264, at 2011-11-19 12:02:41."
682056,163,2011-10-19 08:44:09,2011-10-19 21:22:34,116.303518722,39.979901191,45505.0,14428,"User 163 will move from grid 14428 to grid 17077, arriving around in about 2 months.","User 163 will move from grid 14428 to grid 17077, at 2011-12-15 18:18:59."
682212,163,2011-10-19 21:34:29,2011-10-20 09:07:12,116.449403296,39.98025611,41563.0,16885,,
682565,163,2011-10-20 09:31:52,2011-10-20 20:35:42,116.303632869,39.979727481,39830.0,14428,,
682745,163,2011-10-20 20:49:27,2011-10-21 07:52:06,116.44936437,39.980159374,39759.0,16885,,
683398,163,2011-10-21 08:43:26,2011-10-21 09:38:06,116.303292337,39.979801594,3280.0,14428,,
683573,163,2011-10-21 09:50:44,2011-10-21 10:34:35,116.450070434,39.980250798,2631.0,16885,,
683785,163,2011-10-21 10:49:00,2011-10-21 22:28:06,116.303435267,39.979873282,41946.0,14428,"User 163 will move from grid 14428 to grid 17075, arriving around in about 9 months.","User 163 will move from grid 14428 to grid 17075, at 2012-07-08 14:46:10."
683943,163,2011-10-21 22:40:21,2011-10-22 12:20:34,116.449463023,39.980272676,49213.0,16885,,
684335,163,2011-10-22 12:48:03,2011-10-22 13:25:42,116.470605752,39.944120736,2259.0,17259,,
684875,163,2011-10-22 13:42:22,2011-10-22 16:13:35,116.454349788,39.932464572,9073.0,16880,,
685070,163,2011-10-22 16:26:20,2011-10-23 20:50:42,116.449609035,39.980391577,102262.0,16885,"User 163 will move from grid 16885 to grid 17077, at 2012-01-21 11:34:00.","User 163 will move from grid 16885 to grid 17077, at 2012-01-21 11:34:00."
685285,163,2011-10-23 21:02:07,2011-10-24 08:23:40,116.449468345,39.980339026,40893.0,16885,,
685958,163,2011-10-24 09:13:45,2011-10-24 20:59:12,116.303389683,39.979707418,42327.0,14428,,
686107,163,2011-10-24 21:10:37,2011-10-25 08:19:58,116.449567952,39.980453935,40161.0,16885,,
686650,163,2011-10-25 09:02:03,2011-10-25 20:46:36,116.303294937,39.979743539,42273.0,14428,,
686823,163,2011-10-25 20:59:56,2011-10-26 08:19:42,116.449444535,39.980298188,40786.0,16885,"User 163 will move from grid 16885 to grid 16886, at 2011-11-19 16:04:21.","User 163 will move from grid 16885 to grid 16886, at 2011-11-19 16:04:21."
687344,163,2011-10-26 08:59:32,2011-10-26 20:21:12,116.303296413,39.97984718,40900.0,14428,,
687516,163,2011-10-26 20:32:42,2011-10-27 08:12:15,116.449464971,39.980348975,41973.0,16885,,
688063,163,2011-10-27 08:59:50,2011-10-27 20:46:12,116.303367559,39.979750153,42382.0,14428,"User 163 will move from grid 14428 to grid 17264, arriving around in about 5 months.","User 163 will move from grid 14428 to grid 17264, at 2012-03-25 11:40:53."
688206,163,2011-10-27 20:57:13,2011-10-28 08:23:29,116.449596719,39.980470172,41176.0,16885,,
688896,163,2011-10-28 09:16:44,2011-10-29 14:01:12,116.303390102,39.979908762,103468.0,14428,,
689240,163,2011-10-29 14:28:37,2011-10-29 15:26:38,116.336710554,39.937448198,3481.0,14990,"User 163 will move from grid 14990 to grid 16886, arriving around in about 7 months.","User 163 will move from grid 14990 to grid 16886, at 2012-06-09 16:18:42."
689310,163,2011-10-29 15:33:58,2011-10-29 16:30:45,116.336710376,39.936204432,3407.0,14990,"User 163 will move from grid 14990 to grid 16506, arriving around in about 7 months.","User 163 will move from grid 14990 to grid 16506, at 2012-06-01 20:51:01."
689498,163,2011-10-29 16:33:01,2011-10-29 17:53:51,116.336741222,39.902924943,4850.0,14986,,
690154,163,2011-10-29 18:37:51,2011-10-30 09:54:53,116.449501384,39.980320192,55022.0,16885,,
690481,163,2011-10-30 10:09:28,2011-10-30 16:04:45,116.303412428,39.979967275,21317.0,14428,"User 163 will move from grid 14428 to grid 16886, arriving around in the next month.","User 163 will move from grid 14428 to grid 16886, at 2011-12-04 20:10:34."
690808,163,2011-10-30 16:29:55,2011-10-31 11:30:33,116.449593547,39.980465718,68438.0,16885,,
691054,163,2011-10-31 11:45:38,2011-10-31 14:37:23,116.584979682,40.076797384,10305.0,18975,,
695651,163,2011-11-07 21:20:35,2011-11-08 20:29:12,116.449319516,39.980079889,83317.0,16885,,
695876,163,2011-11-08 20:43:22,2011-11-09 08:28:04,116.449439946,39.980221192,42282.0,16885,"User 163 will move from grid 16885 to grid 17075, arriving around in about 5 months.","User 163 will move from grid 16885 to grid 17075, at 2012-03-25 13:39:29."
696348,163,2011-11-09 09:03:34,2011-11-09 20:46:11,116.303427384,39.980014464,42157.0,14428,"User 163 will move from grid 14428 to grid 17077, arriving around in about 3 days, on 2011-11-13.","User 163 will move from grid 14428 to grid 17077, at 2011-11-13 13:10:25."
696488,163,2011-11-09 20:57:07,2011-11-10 10:39:07,116.449438595,39.98013365,49320.0,16885,,
696707,163,2011-11-10 10:53:22,2011-11-10 21:36:30,116.303292061,39.979928717,38588.0,14428,"User 163 will move from grid 14428 to grid 16697, at 2011-11-10 21:55:28.","User 163 will move from grid 14428 to grid 16697, at 2011-11-10 21:55:28."
696903,163,2011-11-10 21:55:28,2011-11-11 08:37:30,116.444923779,39.989013545,38522.0,16697,,
697520,163,2011-11-11 09:26:20,2011-11-11 21:23:12,116.303241071,39.979889474,43012.0,14428,"User 163 will move from grid 14428 to grid 17076, arriving around in about 1 days, on 2011-11-13.","User 163 will move from grid 14428 to grid 17076, at 2011-11-13 16:28:47."
697710,163,2011-11-11 21:38:02,2011-11-12 16:45:10,116.449598906,39.980490288,68828.0,16885,,
697925,163,2011-11-12 17:22:15,2011-11-13 12:43:50,116.454545527,39.984253208,69695.0,16885,,
698353,163,2011-11-13 13:10:25,2011-11-13 16:23:57,116.461489265,40.007398132,11612.0,17077,"User 163 will move from grid 17077 to grid 16697, arriving around in about 5 months.","User 163 will move from grid 17077 to grid 16697, at 2012-03-31 22:31:12."
698453,163,2011-11-13 16:28:47,2011-11-14 08:27:29,116.461529611,39.997730245,57522.0,17076,,
699118,163,2011-11-14 09:17:59,2011-11-14 20:10:37,116.303362152,39.979877153,39158.0,14428,,
699263,163,2011-11-14 20:21:52,2011-11-15 08:38:12,116.4495102,39.980407,44180.0,16885,,
699643,163,2011-11-15 09:06:37,2011-11-15 20:16:36,116.30337858,39.980060743,40199.0,14428,,
699794,163,2011-11-15 20:28:56,2011-11-16 08:17:12,116.449349542,39.980212365,42496.0,16885,,
700397,163,2011-11-16 09:03:57,2011-11-16 15:49:00,116.303419059,39.979910288,24303.0,14428,,
700796,163,2011-11-16 16:08:25,2011-11-17 10:19:41,116.449278255,39.98016324,65476.0,16885,"User 163 will move from grid 16885 to grid 17072, arriving around in about 5 months.","User 163 will move from grid 16885 to grid 17072, at 2012-04-23 08:51:43."
701126,163,2011-11-17 10:40:16,2011-11-17 20:01:36,116.324190233,39.975260781,33680.0,14805,,
701449,163,2011-11-17 20:22:16,2011-11-18 10:00:25,116.449414004,39.980263303,49089.0,16885,,
701809,163,2011-11-18 10:19:00,2011-11-18 21:27:08,116.303383905,39.979750341,40088.0,14428,,
702156,163,2011-11-18 21:45:18,2011-11-19 11:54:41,116.449503297,39.980389808,50963.0,16885,,
702367,163,2011-11-19 12:02:41,2011-11-19 14:24:25,116.47689577,39.98914951,8504.0,17264,,
702486,163,2011-11-19 14:33:40,2011-11-19 15:59:42,116.454217203,39.995815689,5162.0,16887,,
702550,163,2011-11-19 16:04:21,2011-11-20 13:11:33,116.449841567,39.990348553,76032.0,16886,"User 163 will move from grid 16886 to grid 15189, at 2011-11-22 08:51:21.","User 163 will move from grid 16886 to grid 15189, at 2011-11-22 08:51:21."
702585,163,2011-11-20 13:14:23,2011-11-20 13:51:58,116.448846748,39.980035246,2255.0,16885,,
702923,163,2011-11-20 13:51:58,2011-11-21 08:28:06,116.449475457,39.980202354,66968.0,16885,,
703619,163,2011-11-21 09:16:41,2011-11-21 20:20:06,116.303137525,39.979872322,39805.0,14428,,
703778,163,2011-11-21 20:32:36,2011-11-22 08:16:36,116.44944005,39.98051461,42240.0,16885,,
704230,163,2011-11-22 08:51:21,2011-11-22 09:45:24,116.344703415,40.024910421,3243.0,15189,,
704912,163,2011-11-22 10:35:08,2011-11-22 16:49:10,116.303241786,39.980053193,22442.0,14428,,
705513,163,2011-11-22 17:41:05,2011-11-23 08:30:30,116.450950838,39.98904779,53365.0,16886,"User 163 will move from grid 16886 to grid 17075, arriving around in about 2 weeks, specifically next Sunday.","User 163 will move from grid 16886 to grid 17075, at 2011-12-04 18:15:29."
706107,163,2011-11-23 09:16:15,2011-11-23 20:14:10,116.3033976,39.979866321,39475.0,14428,,
706298,163,2011-11-23 20:28:55,2011-11-24 10:13:20,116.449440235,39.980477912,49465.0,16885,,
706535,163,2011-11-24 10:29:10,2011-11-24 20:25:12,116.303615609,39.9797686,35762.0,14428,,
706714,163,2011-11-24 20:39:05,2011-11-25 09:27:25,116.449257877,39.980211338,46100.0,16885,,
706976,163,2011-11-25 09:46:35,2011-11-25 20:16:06,116.303433528,39.979912679,37771.0,14428,,
707313,163,2011-11-25 20:42:36,2011-11-26 17:28:15,116.449382666,39.98023666,74739.0,16885,,
707608,163,2011-11-26 17:48:30,2011-11-26 19:02:48,116.407363708,39.957813924,4458.0,16126,,
707815,163,2011-11-26 19:10:23,2011-11-26 22:48:18,116.40738325,39.974125082,13075.0,16128,"User 163 will move from grid 16128 to grid 17072, at 2012-02-28 08:15:05.","User 163 will move from grid 16128 to grid 17072, at 2012-02-28 08:15:05."
708123,163,2011-11-26 22:59:48,2011-11-28 10:23:38,116.449407701,39.98015769,127430.0,16885,"User 163 will move from grid 16885 to grid 17077, arriving around in about 2 weeks, specifically next Saturday.","User 163 will move from grid 16885 to grid 17077, at 2011-12-10 14:37:17."
708323,163,2011-11-28 10:36:53,2011-11-28 19:34:34,116.303358669,39.979812341,32261.0,14428,"User 163 will move from grid 14428 to grid 17077, arriving around in about 6 months.","User 163 will move from grid 14428 to grid 17077, at 2012-05-19 13:32:00."
708480,163,2011-11-28 19:46:39,2011-11-29 10:08:14,116.449297738,39.980241011,51695.0,16885,"User 163 will move from grid 16885 to grid 17260, arriving around in the next month.","User 163 will move from grid 16885 to grid 17260, at 2012-01-01 15:09:36."
708722,163,2011-11-29 10:22:54,2011-11-29 17:31:00,116.30341487,39.979984585,25686.0,14428,,
709263,163,2011-11-29 18:13:35,2011-11-30 10:39:45,116.449344592,39.980151343,59170.0,16885,"User 163 will move from grid 16885 to grid 15944, arriving around in about 2 months.","User 163 will move from grid 16885 to grid 15944, at 2012-01-26 16:26:43."
709498,163,2011-11-30 10:53:25,2011-11-30 20:43:42,116.303450794,39.979821651,35417.0,14428,"User 163 will move from grid 14428 to grid 14806, arriving around in about 1 weeks, specifically next Friday.","User 163 will move from grid 14428 to grid 14806, at 2011-12-09 13:09:54."
709671,163,2011-11-30 20:56:37,2011-12-01 10:44:50,116.449480463,39.98030664,49693.0,16885,,
709907,163,2011-12-01 10:58:50,2011-12-01 20:18:10,116.30331236,39.980037466,33560.0,14428,,
710051,163,2011-12-01 20:29:20,2011-12-02 10:07:13,116.44941086,39.980313881,49073.0,16885,,
710359,163,2011-12-02 10:28:18,2011-12-02 21:40:12,116.303452448,39.979795182,40314.0,14428,,
710511,163,2011-12-02 21:51:57,2011-12-03 11:46:12,116.449391095,39.980167546,50055.0,16885,"User 163 will move from grid 16885 to grid 17077, arriving around in about 5 months.","User 163 will move from grid 16885 to grid 17077, at 2012-04-21 11:23:15."
710682,163,2011-12-03 11:58:02,2011-12-03 17:19:59,116.419675143,40.020480177,19317.0,16322,,
710858,163,2011-12-03 17:29:44,2011-12-03 19:01:34,116.4510314,39.988773066,5510.0,16886,"User 163 will move from grid 16886 to grid 16886, arriving around in about 5 months.","User 163 will move from grid 16886 to grid 16886, at 2012-04-21 15:31:50."
711132,163,2011-12-03 19:14:59,2011-12-03 21:43:02,116.401445481,39.961734431,8883.0,16127,,
711593,163,2011-12-03 21:52:12,2011-12-04 18:03:29,116.449550073,39.980319763,72677.0,16885,,
711796,163,2011-12-04 18:15:29,2011-12-04 19:50:34,116.466360845,39.988125447,5705.0,17075,,
711976,163,2011-12-04 20:10:34,2011-12-05 11:54:04,116.453733249,39.988074558,56610.0,16886,,
712121,163,2011-12-05 12:05:49,2011-12-05 20:10:36,116.303528657,39.979669266,29087.0,14428,"User 163 will move from grid 14428 to grid 16886, arriving around in about 2 months.","User 163 will move from grid 14428 to grid 16886, at 2012-01-26 17:20:38."
712274,163,2011-12-05 20:22:31,2011-12-06 10:00:38,116.449426534,39.980128516,49087.0,16885,,
712512,163,2011-12-06 10:15:48,2011-12-06 20:14:30,116.30338459,39.979972638,35922.0,14428,"User 163 will move from grid 14428 to grid 17075, arriving around in about 5 months.","User 163 will move from grid 14428 to grid 17075, at 2012-04-29 16:53:02."
712663,163,2011-12-06 20:26:10,2011-12-07 09:37:20,116.449658291,39.980528053,47470.0,16885,,
713046,163,2011-12-07 10:05:25,2011-12-07 21:48:03,116.30331537,39.979809586,42158.0,14428,,
713235,163,2011-12-07 22:02:18,2011-12-08 10:07:11,116.44944363,39.980305145,43493.0,16885,,
713483,163,2011-12-08 10:24:11,2011-12-08 20:36:57,116.303425452,39.979984037,36766.0,14428,,
713647,163,2011-12-08 20:49:47,2011-12-09 10:14:31,116.449335537,39.980142017,48284.0,16885,,
713978,163,2011-12-09 10:35:46,2011-12-09 13:01:44,116.303487271,39.979893095,8758.0,14428,,
714105,163,2011-12-09 13:09:54,2011-12-09 20:34:42,116.321351117,39.980147372,26688.0,14806,,
714520,163,2011-12-09 21:03:49,2011-12-10 14:19:12,116.449482839,39.980300393,62123.0,16885,"User 163 will move from grid 16885 to grid 16514, arriving around in about 7 months.","User 163 will move from grid 16885 to grid 16514, at 2012-06-25 09:25:37."
714821,163,2011-12-10 14:37:17,2011-12-10 17:12:15,116.466357389,40.010010543,9298.0,17077,,
715407,163,2011-12-10 17:45:35,2011-12-10 22:26:05,116.431094757,40.028765677,16830.0,16512,,
715665,163,2011-12-10 22:37:10,2011-12-11 15:04:17,116.451013723,39.988890299,59227.0,16886,,
716185,163,2011-12-11 15:51:52,2011-12-12 10:11:50,116.454577162,39.984233306,65998.0,16885,"User 163 will move from grid 16885 to grid 16886, arriving around in about 3 months.","User 163 will move from grid 16885 to grid 16886, at 2012-03-25 16:31:53."
716431,163,2011-12-12 10:26:25,2011-12-12 20:12:05,116.303554441,39.979973633,35140.0,14428,,
716606,163,2011-12-12 20:25:40,2011-12-13 09:48:27,116.44937223,39.980134067,48167.0,16885,"User 163 will move from grid 16885 to grid 17077, at 2011-12-24 18:52:36.","User 163 will move from grid 16885 to grid 17077, at 2011-12-24 18:52:36."
716861,163,2011-12-13 10:04:57,2011-12-13 19:43:01,116.303399227,39.979918719,34684.0,14428,,
717034,163,2011-12-13 19:56:21,2011-12-14 09:45:08,116.448561944,39.980074272,49727.0,16885,,
717314,163,2011-12-14 10:04:28,2011-12-14 20:37:30,116.303343459,39.979996757,37982.0,14428,,
717476,163,2011-12-14 20:50:15,2011-12-15 12:04:29,116.449380049,39.980096641,54854.0,16885,,
717677,163,2011-12-15 12:17:19,2011-12-15 17:38:59,116.303401415,39.97989555,19300.0,14428,,
718174,163,2011-12-15 18:18:59,2011-12-16 10:18:12,116.461436414,40.007204559,57553.0,17077,,
718503,163,2011-12-16 10:38:12,2011-12-16 14:30:29,116.303446074,39.979635636,13937.0,14428,"User 163 will move from grid 14428 to grid 14419, arriving around in the next month.","User 163 will move from grid 14428 to grid 14419, at 2012-01-17 09:35:11."
718711,163,2011-12-16 14:44:04,2011-12-16 22:05:23,116.442778599,39.973095535,26479.0,16695,"User 163 will move from grid 16695 to grid 17077, arriving around in about 3 months.","User 163 will move from grid 16695 to grid 17077, at 2012-03-17 12:47:12."
719437,163,2011-12-16 22:19:35,2011-12-17 10:27:23,116.449331489,39.98013222,43668.0,16885,,
765470,163,2011-12-24 16:12:48,2011-12-24 17:21:42,116.449404454,39.980141228,4134.0,16885,,
765643,163,2011-12-24 17:21:42,2011-12-24 18:39:13,116.454645475,39.984199019,4651.0,16885,,
766021,163,2011-12-24 18:52:36,2011-12-24 20:39:53,116.461508482,40.007103976,6437.0,17077,"User 163 will move from grid 17077 to grid 16506, arriving around in about 6 months.","User 163 will move from grid 17077 to grid 16506, at 2012-06-10 16:01:24."
766500,163,2011-12-24 20:52:01,2011-12-26 08:29:34,116.454567578,39.98425213,128253.0,16885,,
767116,163,2011-12-26 09:13:54,2011-12-26 20:32:25,116.303400244,39.979975534,40711.0,14428,,
767297,163,2011-12-26 20:46:15,2011-12-27 08:02:00,116.449478988,39.980297734,40545.0,16885,,
767692,163,2011-12-27 08:29:10,2011-12-27 20:44:40,116.303408216,39.980036218,44130.0,14428,,
767963,163,2011-12-27 21:05:20,2011-12-28 08:17:17,116.449429669,39.980187025,40317.0,16885,,
768323,163,2011-12-28 08:42:57,2011-12-28 19:53:10,116.303499687,39.979808922,40213.0,14428,,
768511,163,2011-12-28 20:07:50,2011-12-29 11:12:11,116.449535713,39.980411788,54261.0,16885,,
768782,163,2011-12-29 11:30:51,2011-12-29 20:23:40,116.30339651,39.979964854,31969.0,14428,,
768941,163,2011-12-29 20:36:10,2011-12-30 08:17:20,116.44938155,39.980075262,42070.0,16885,,
769353,163,2011-12-30 08:45:05,2011-12-31 08:10:27,116.303380664,39.979688682,84322.0,14428,,
769697,163,2011-12-31 08:37:27,2011-12-31 17:30:10,116.303253742,39.97995412,31963.0,14428,,
770458,163,2011-12-31 18:32:16,2011-12-31 21:06:00,116.476994339,39.989055875,9224.0,17264,,
770611,163,2011-12-31 21:18:05,2012-01-01 14:49:01,116.454219032,39.984204992,63056.0,16885,,
771270,163,2012-01-01 15:09:36,2012-01-01 18:01:55,116.471393425,39.953081595,10339.0,17260,,
771420,163,2012-01-01 18:08:15,2012-01-03 18:05:06,116.449362879,39.980109755,172611.0,16885,,
771634,163,2012-01-03 18:16:11,2012-01-04 08:22:25,116.449652032,39.980324822,50774.0,16885,,
772595,163,2012-01-04 09:31:25,2012-01-04 20:40:10,116.303366897,39.979853731,40125.0,14428,,
772763,163,2012-01-04 20:53:15,2012-01-06 10:55:32,116.449220815,39.980069952,136937.0,16885,,
773079,163,2012-01-06 11:16:27,2012-01-06 20:29:31,116.303543561,39.979946301,33184.0,14428,,
773254,163,2012-01-06 20:42:59,2012-01-09 08:33:01,116.449269601,39.980274196,215402.0,16885,,
773848,163,2012-01-09 09:11:46,2012-01-09 20:09:06,116.303384298,39.980047293,39440.0,14428,,
774139,163,2012-01-09 20:32:16,2012-01-10 08:27:12,116.449238614,39.980287761,42896.0,16885,"User 163 will move from grid 16885 to grid 16514, arriving around in about 6 months.","User 163 will move from grid 16885 to grid 16514, at 2012-06-26 09:16:30."
774797,163,2012-01-10 09:12:47,2012-01-10 20:02:10,116.303455531,39.979965872,38963.0,14428,"User 163 will move from grid 14428 to grid 15553, arriving around in about 1 weeks, specifically next Thursday.","User 163 will move from grid 14428 to grid 15553, at 2012-01-19 18:38:00."
774969,163,2012-01-10 20:15:10,2012-01-11 08:12:22,116.449334398,39.980316934,43032.0,16885,"User 163 will move from grid 16885 to grid 16861, arriving around in about 2 weeks, specifically next Monday.","User 163 will move from grid 16885 to grid 16861, at 2012-01-23 14:40:57."
775441,163,2012-01-11 08:43:27,2012-01-11 21:34:09,116.303427748,39.97985304,46242.0,14428,,
775627,163,2012-01-11 21:48:24,2012-01-12 08:17:41,116.449347211,39.980195687,37757.0,16885,,
776007,163,2012-01-12 08:45:01,2012-01-12 20:07:04,116.303372989,39.979984822,40923.0,14428,,
776196,163,2012-01-12 20:21:54,2012-01-13 20:40:43,116.449217696,39.980067302,87529.0,16885,,
776438,163,2012-01-13 20:56:48,2012-01-16 10:44:41,116.449271682,39.980062329,222473.0,16885,,
776721,163,2012-01-16 11:05:16,2012-01-16 19:05:29,116.303253356,39.979789418,28813.0,14428,,
777117,163,2012-01-16 19:37:09,2012-01-17 08:56:26,116.449588518,39.980453014,47957.0,16885,,
777638,163,2012-01-17 09:35:11,2012-01-17 10:56:26,116.304080179,39.898688411,4875.0,14419,,
778445,163,2012-01-17 11:55:16,2012-01-17 13:24:50,116.449538897,39.980356309,5374.0,16885,,
778603,163,2012-01-17 13:35:25,2012-01-18 08:03:42,116.298716122,39.988879047,66497.0,14429,,
779028,163,2012-01-18 08:33:27,2012-01-18 20:46:42,116.303625233,39.979810504,43995.0,14428,,
779198,163,2012-01-18 20:59:57,2012-01-19 08:22:25,116.44936813,39.980241291,40948.0,16885,,
779541,163,2012-01-19 08:43:15,2012-01-19 17:14:40,116.303405602,39.979693792,30685.0,14428,,
780522,163,2012-01-19 18:38:00,2012-01-19 21:29:31,116.368112302,39.899331666,10291.0,15553,"User 163 will move from grid 15553 to grid 17075, arriving around in about 5 months.","User 163 will move from grid 15553 to grid 17075, at 2012-06-17 14:40:54."
780896,163,2012-01-19 21:57:16,2012-01-20 10:38:10,116.449587767,39.980436333,45654.0,16885,,
781077,163,2012-01-20 10:50:00,2012-01-20 17:33:42,116.303370365,39.980013811,24222.0,14428,,
781260,163,2012-01-20 17:47:52,2012-01-21 11:25:25,116.449401852,39.980153551,63453.0,16885,,
781436,163,2012-01-21 11:34:00,2012-01-21 18:01:05,116.461558615,40.007232526,23225.0,17077,"User 163 will move from grid 17077 to grid 15754, at 2012-01-26 15:02:13.","User 163 will move from grid 17077 to grid 15754, at 2012-01-26 15:02:13."
782153,163,2012-01-21 18:16:20,2012-01-23 14:06:17,116.449765953,39.980669684,157797.0,16885,,
782612,163,2012-01-23 14:40:57,2012-01-23 15:12:17,116.454746192,39.76808167,1880.0,16861,,
783272,163,2012-01-23 15:39:37,2012-01-23 16:26:57,116.456577675,39.77319415,2840.0,16862,"User 163 will move from grid 16862 to grid 16888, arriving around in about 3 months.","User 163 will move from grid 16862 to grid 16888, at 2012-04-22 12:17:51."
783975,163,2012-01-23 16:50:02,2012-01-23 18:39:58,116.465520764,39.836227451,6596.0,17058,,
784923,163,2012-01-23 18:53:23,2012-01-24 12:23:40,116.449259435,39.98006421,63017.0,16885,,
785369,163,2012-01-24 12:57:15,2012-01-24 13:51:10,116.395637906,39.900664764,3235.0,15931,"User 163 will move from grid 15931 to grid 17264, at 2012-07-14 15:36:56.","User 163 will move from grid 15931 to grid 17264, at 2012-07-14 15:36:56."
785796,163,2012-01-24 13:51:10,2012-01-24 16:23:03,116.396335148,39.905487856,9113.0,15932,"User 163 will move from grid 15932 to grid 16697, arriving around in about 2 weeks, specifically next Tuesday.","User 163 will move from grid 15932 to grid 16697, at 2012-02-07 22:10:22."
786173,163,2012-01-24 16:53:07,2012-01-26 11:49:36,116.449503336,39.980330695,154589.0,16885,,
786353,163,2012-01-26 12:01:16,2012-01-26 14:38:53,116.365260264,40.034390765,9457.0,15568,,
786699,163,2012-01-26 15:02:13,2012-01-26 16:08:33,116.383921209,40.008325557,3980.0,15754,,
787459,163,2012-01-26 16:26:43,2012-01-26 16:57:13,116.387373299,40.016015938,1830.0,15944,"User 163 will move from grid 15944 to grid 9367, arriving around in about 3 months.","User 163 will move from grid 15944 to grid 9367, at 2012-04-30 13:26:40."
788124,163,2012-01-26 17:20:38,2012-01-27 12:55:32,116.450985718,39.988772144,70494.0,16886,"User 163 will move from grid 16886 to grid 16326, arriving around in the next month.","User 163 will move from grid 16886 to grid 16326, at 2012-03-03 16:43:23."
788303,163,2012-01-27 13:06:57,2012-01-27 17:28:13,116.303446372,39.979995389,15676.0,14428,"User 163 will move from grid 14428 to grid 16886, arriving around in about 2 months.","User 163 will move from grid 14428 to grid 16886, at 2012-03-25 15:26:15."
788487,163,2012-01-27 17:42:03,2012-01-28 18:15:32,116.449216253,39.980074967,88409.0,16885,"User 163 will move from grid 16885 to grid 14042, arriving around in about 2 months.","User 163 will move from grid 16885 to grid 14042, at 2012-03-30 18:39:41."
788765,163,2012-01-28 18:38:47,2012-01-28 21:40:39,116.395265096,39.906451987,10912.0,15932,"User 163 will move from grid 15932 to grid 17075, arriving around in about 2 months.","User 163 will move from grid 15932 to grid 17075, at 2012-03-18 12:50:13."
789034,163,2012-01-28 21:55:44,2012-01-29 08:06:57,116.44961738,39.980519392,36673.0,16885,"User 163 will move from grid 16885 to grid 17072, arriving around in about 3 months.","User 163 will move from grid 16885 to grid 17072, at 2012-04-24 09:25:00."
789306,163,2012-01-29 08:25:02,2012-01-29 17:20:49,116.303334868,39.979938649,32147.0,14428,,
789581,163,2012-01-29 17:55:14,2012-01-30 08:03:09,116.449491054,39.980342001,50875.0,16885,,
789859,163,2012-01-30 08:26:24,2012-01-30 13:33:24,116.303539232,39.979719261,18420.0,14428,,
789992,163,2012-01-30 13:43:39,2012-01-30 17:36:00,116.449521776,39.980332243,13941.0,16885,,
790057,163,2012-01-30 17:50:30,2012-01-31 08:12:15,116.449353747,39.980231469,51705.0,16885,,
790367,163,2012-01-31 08:32:45,2012-01-31 19:16:00,116.303466081,39.979907456,38595.0,14428,"User 163 will move from grid 14428 to grid 16886, arriving around in about 5 months.","User 163 will move from grid 14428 to grid 16886, at 2012-06-30 23:08:18."
790559,163,2012-01-31 19:30:45,2012-02-01 08:12:41,116.449298749,39.98022786,45716.0,16885,,
790861,163,2012-02-01 08:38:16,2012-02-01 19:50:57,116.303497487,39.979669015,40361.0,14428,,
791043,163,2012-02-01 20:04:42,2012-02-02 08:11:53,116.449418554,39.98020565,43631.0,16885,,
791433,163,2012-02-02 08:36:18,2012-02-02 20:54:58,116.303438857,39.979846709,44320.0,14428,"User 163 will move from grid 14428 to grid 17260, arriving around in about 3 months.","User 163 will move from grid 14428 to grid 17260, at 2012-05-01 14:33:22."
791588,163,2012-02-02 21:07:03,2012-02-03 09:28:02,116.449545585,39.980389565,44459.0,16885,,
791878,163,2012-02-03 09:47:22,2012-02-03 18:32:45,116.303473818,39.979804634,31523.0,14428,"User 163 will move from grid 14428 to grid 17451, arriving around in about 4 months.","User 163 will move from grid 14428 to grid 17451, at 2012-06-17 12:13:26."
792284,163,2012-02-03 19:10:55,2012-02-03 21:35:30,116.461737662,39.989251536,8675.0,17075,,
792434,163,2012-02-03 21:36:45,2012-02-04 09:49:47,116.454332973,39.984131385,43982.0,16885,,
792640,163,2012-02-04 10:02:37,2012-02-04 17:12:10,116.301891562,39.984724075,25773.0,14428,,
792871,163,2012-02-04 17:26:30,2012-02-06 08:22:52,116.449400498,39.980214818,140182.0,16885,,
793376,163,2012-02-06 08:57:52,2012-02-06 21:58:36,116.303640479,39.979934913,46844.0,14428,"User 163 will move from grid 14428 to grid 14051, arriving around in about 3 weeks, specifically next Saturday.","User 163 will move from grid 14428 to grid 14051, at 2012-02-25 12:37:20."
793520,163,2012-02-06 22:09:37,2012-02-07 08:39:55,116.44959372,39.980407717,37818.0,16885,,
793858,163,2012-02-07 09:03:05,2012-02-07 21:45:12,116.303358628,39.979998032,45727.0,14428,,
794123,163,2012-02-07 22:10:22,2012-02-08 08:58:06,116.445086046,39.988911084,38864.0,16697,,
794365,163,2012-02-08 09:16:41,2012-02-08 23:23:22,116.3034633,39.979972934,50801.0,14428,,
794619,163,2012-02-08 23:39:22,2012-02-09 09:20:04,116.449524197,39.98041429,34842.0,16885,,
794880,163,2012-02-09 09:36:49,2012-02-09 22:26:12,116.303451608,39.979951747,46163.0,14428,,
795017,163,2012-02-09 22:36:57,2012-02-10 09:38:07,116.449259046,39.980124974,39670.0,16885,,
795311,163,2012-02-10 09:58:32,2012-02-11 00:49:42,116.303414392,39.980056168,53470.0,14428,,
795472,163,2012-02-11 01:01:37,2012-02-11 08:46:20,116.449565617,39.98040852,27883.0,16885,"User 163 will move from grid 16885 to grid 16887, arriving around in about 5 months.","User 163 will move from grid 16885 to grid 16887, at 2012-07-08 16:12:07."
795650,163,2012-02-11 08:58:40,2012-02-11 16:06:06,116.303560282,39.979817012,25646.0,14428,,
796008,163,2012-02-11 16:34:26,2012-02-11 17:53:54,116.449454175,39.980327811,4768.0,16885,,
796363,163,2012-02-11 18:15:39,2012-02-11 21:57:12,116.454419105,39.90538272,13293.0,16877,,
796529,163,2012-02-11 22:08:52,2012-02-13 08:06:32,116.449286915,39.98007305,122260.0,16885,,
796994,163,2012-02-13 08:38:52,2012-02-13 20:22:36,116.303397637,39.980025811,42224.0,14428,,
797168,163,2012-02-13 20:35:51,2012-02-14 08:06:42,116.449384649,39.980243285,41451.0,16885,,
797813,163,2012-02-14 08:50:42,2012-02-14 20:07:36,116.303398827,39.979917872,40614.0,14428,,
798497,163,2012-02-14 21:03:11,2012-02-15 08:08:36,116.4349019,39.908162696,39925.0,16688,,
798911,163,2012-02-15 08:44:46,2012-02-15 20:37:36,116.303383548,39.980025195,42770.0,14428,,
799073,163,2012-02-15 20:50:01,2012-02-16 08:22:31,116.449467795,39.980313976,41550.0,16885,,
799558,163,2012-02-16 08:57:16,2012-02-16 20:34:30,116.303414512,39.97990376,41834.0,14428,,
799697,163,2012-02-16 20:46:03,2012-02-17 22:07:37,116.449601677,39.980318807,91294.0,16885,,
799869,163,2012-02-17 22:19:42,2012-02-18 11:17:42,116.449463715,39.980313551,46680.0,16885,,
799984,163,2012-02-18 11:22:12,2012-02-18 13:44:37,116.463181918,39.961863947,8545.0,17072,,
800171,163,2012-02-18 13:55:02,2012-02-18 15:33:06,116.466113715,39.990216019,5884.0,17075,,
800426,163,2012-02-18 15:34:31,2012-02-19 12:29:13,116.454273161,39.984109253,75282.0,16885,,
800587,163,2012-02-19 12:29:13,2012-02-19 14:36:21,116.454583934,39.984098434,7628.0,16885,,
801732,163,2012-02-19 15:03:36,2012-02-19 16:03:02,116.454589549,39.976285303,3566.0,16884,,
802176,163,2012-02-19 16:11:57,2012-02-20 08:12:16,116.450107138,39.980087371,57619.0,16885,,
802786,163,2012-02-20 08:45:16,2012-02-20 18:14:28,116.303513221,39.979894462,34152.0,14428,,
803210,163,2012-02-20 18:54:23,2012-02-20 22:44:49,116.407345655,39.95783894,13826.0,16126,,
803478,163,2012-02-20 22:57:29,2012-02-21 08:12:00,116.4495623,39.980429059,33271.0,16885,,
803891,163,2012-02-21 08:40:45,2012-02-21 20:09:02,116.303379576,39.980022921,41297.0,14428,"User 163 will move from grid 14428 to grid 17452, arriving around in about 5 months.","User 163 will move from grid 14428 to grid 17452, at 2012-07-14 12:49:03."
804059,163,2012-02-21 20:22:12,2012-02-22 08:18:02,116.449296942,39.980139917,42950.0,16885,,
804491,163,2012-02-22 08:52:42,2012-02-22 21:35:30,116.303188047,39.979873422,45768.0,14428,,
804662,163,2012-02-22 21:48:25,2012-02-23 08:13:50,116.449538085,39.980466614,37525.0,16885,,
805066,163,2012-02-23 08:42:30,2012-02-23 20:13:12,116.303351731,39.979961141,41442.0,14428,"User 163 will move from grid 14428 to grid 16508, arriving around in about 4 months.","User 163 will move from grid 14428 to grid 16508, at 2012-06-30 11:57:01."
805228,163,2012-02-23 20:25:22,2012-02-24 20:38:00,116.449521692,39.980358441,87158.0,16885,,
806593,163,2012-02-24 22:26:13,2012-02-25 11:31:30,116.449582803,39.980493477,47117.0,16885,,
806855,163,2012-02-25 11:41:55,2012-02-25 12:20:10,116.394812799,39.989277501,2295.0,15941,"User 163 will move from grid 15941 to grid 17077, arriving around in about 3 months.","User 163 will move from grid 15941 to grid 17077, at 2012-05-26 16:07:57."
807302,163,2012-02-25 12:37:20,2012-02-25 13:39:05,116.273444674,39.989088186,3705.0,14051,"User 163 will move from grid 14051 to grid 16886, arriving around in about 4 months.","User 163 will move from grid 14051 to grid 16886, at 2012-07-08 10:14:58."
809529,163,2012-02-25 15:58:34,2012-02-25 20:17:23,116.449430034,39.980145903,15529.0,16885,"User 163 will move from grid 16885 to grid 17077, arriving around in about 2 months.","User 163 will move from grid 16885 to grid 17077, at 2012-04-29 12:01:35."
810477,163,2012-02-25 21:24:58,2012-02-27 08:17:37,116.449487233,39.980334894,125559.0,16885,"User 163 will move from grid 16885 to grid 17074, arriving around in about 4 months.","User 163 will move from grid 16885 to grid 17074, at 2012-06-28 20:31:02."
810928,163,2012-02-27 08:49:22,2012-02-27 20:06:39,116.303395633,39.97983494,40637.0,14428,,
811091,163,2012-02-27 20:18:39,2012-02-28 08:01:55,116.44947123,39.980282358,42196.0,16885,,
811329,163,2012-02-28 08:15:05,2012-02-28 09:08:31,116.46336406,39.961932735,3206.0,17072,,
811831,163,2012-02-28 09:29:36,2012-02-28 20:57:28,116.303446855,39.979727165,41272.0,14428,"User 163 will move from grid 14428 to grid 17075, arriving around in about 4 months.","User 163 will move from grid 14428 to grid 17075, at 2012-06-16 14:56:06."
812000,163,2012-02-28 21:10:23,2012-02-29 08:12:07,116.449572026,39.98046528,39704.0,16885,,
812390,163,2012-02-29 08:39:12,2012-02-29 21:54:12,116.303400939,39.979684262,47700.0,14428,"User 163 will move from grid 14428 to grid 17264, arriving around in about 3 months.","User 163 will move from grid 14428 to grid 17264, at 2012-06-09 14:58:51."
812548,163,2012-02-29 22:06:17,2012-03-01 08:12:35,116.449425314,39.980332774,36378.0,16885,,
812955,163,2012-03-01 08:38:20,2012-03-01 20:05:06,116.303354533,39.979928851,41206.0,14428,,
813091,163,2012-03-01 20:15:26,2012-03-02 17:59:12,116.449416094,39.98006826,78226.0,16885,,
814486,163,2012-03-02 20:17:01,2012-03-02 20:55:11,116.454737238,39.903441346,2290.0,16876,,
815713,163,2012-03-02 22:18:33,2012-03-03 13:12:41,116.449440685,39.980221701,53648.0,16885,,
815865,163,2012-03-03 13:22:56,2012-03-03 16:12:35,116.43096744,40.029013058,10179.0,16512,,
816097,163,2012-03-03 16:43:23,2012-03-03 17:15:03,116.42157079,40.051983586,1900.0,16326,"User 163 will move from grid 16326 to grid 17077, arriving around in about 1 weeks, specifically next Saturday.","User 163 will move from grid 16326 to grid 17077, at 2012-03-10 17:31:40."
816375,163,2012-03-03 17:33:08,2012-03-05 08:18:02,116.450933044,39.988983364,139494.0,16886,,
816868,163,2012-03-05 08:52:02,2012-03-05 19:57:02,116.30334481,39.980039494,39900.0,14428,"User 163 will move from grid 14428 to grid 17077, arriving around in about 2 months.","User 163 will move from grid 14428 to grid 17077, at 2012-05-05 12:57:05."
817059,163,2012-03-05 20:11:24,2012-03-06 08:12:19,116.449317888,39.980194414,43255.0,16885,,
817417,163,2012-03-06 08:34:04,2012-03-06 09:16:53,116.442488785,39.939967758,2569.0,16691,"User 163 will move from grid 16691 to grid 17077, arriving around in about 3 months.","User 163 will move from grid 16691 to grid 17077, at 2012-06-02 12:59:15."
817936,163,2012-03-06 09:45:28,2012-03-06 20:22:10,116.303530304,39.979797159,38202.0,14428,,
818071,163,2012-03-06 20:32:35,2012-03-07 08:17:37,116.449341022,39.980107495,42302.0,16885,,
818522,163,2012-03-07 08:47:57,2012-03-07 20:17:41,116.303395471,39.979728793,41384.0,14428,"User 163 will move from grid 14428 to grid 16506, arriving around in about 2 months.","User 163 will move from grid 14428 to grid 16506, at 2012-05-19 18:27:29."
818708,163,2012-03-07 20:32:16,2012-03-08 08:06:55,116.4493118,39.980184173,41679.0,16885,,
819135,163,2012-03-08 08:38:25,2012-03-09 20:31:30,116.30342543,39.979858966,129185.0,14428,"User 163 will move from grid 14428 to grid 16697, at 2012-03-12 21:43:56.","User 163 will move from grid 14428 to grid 16697, at 2012-03-12 21:43:56."
819323,163,2012-03-09 20:46:10,2012-03-10 17:15:45,116.449276883,39.980071506,73775.0,16885,,
819590,163,2012-03-10 17:31:40,2012-03-10 18:45:50,116.461503522,40.007249918,4450.0,17077,,
819851,163,2012-03-10 18:58:05,2012-03-12 08:17:25,116.450997192,39.988869375,134360.0,16886,,
820938,163,2012-03-12 09:48:06,2012-03-12 21:18:28,116.303400857,39.979801462,41422.0,14428,,
821213,163,2012-03-12 21:43:56,2012-03-13 08:07:02,116.444863642,39.989021163,37386.0,16697,,
821653,163,2012-03-13 08:39:47,2012-03-14 08:05:40,116.303399165,39.979956323,84353.0,14428,,
822034,163,2012-03-14 08:38:25,2012-03-14 20:53:49,116.303456225,39.979808602,44124.0,14428,,
822208,163,2012-03-14 21:07:14,2012-03-15 08:12:06,116.449462045,39.980428581,39892.0,16885,,
822612,163,2012-03-15 08:40:51,2012-03-15 21:21:10,116.303370001,39.979774865,45619.0,14428,,
822787,163,2012-03-15 21:34:40,2012-03-16 20:03:30,116.449244788,39.980092076,80930.0,16885,,
823122,163,2012-03-16 20:41:17,2012-03-17 12:17:22,116.449621,39.980549266,56165.0,16885,,
823624,163,2012-03-17 12:47:12,2012-03-17 18:54:35,116.461488866,40.007079909,22043.0,17077,,
823796,163,2012-03-17 19:00:50,2012-03-18 12:37:58,116.454151429,39.984158181,63428.0,16885,,
824030,163,2012-03-18 12:50:13,2012-03-18 13:35:46,116.461213314,39.989094383,2733.0,17075,,
824283,163,2012-03-18 13:46:56,2012-03-19 08:17:37,116.454516381,39.984280695,66641.0,16885,,
824941,163,2012-03-19 08:59:07,2012-03-19 19:47:40,116.303367106,39.9799069,38913.0,14428,,
825231,163,2012-03-19 20:13:15,2012-03-20 08:17:38,116.445205076,39.988853127,43463.0,16697,,
825686,163,2012-03-20 08:50:03,2012-03-21 08:09:40,116.303481776,39.979724263,83977.0,14428,"User 163 will move from grid 14428 to grid 16880, arriving around in the next month.","User 163 will move from grid 14428 to grid 16880, at 2012-05-02 18:28:57."
826116,163,2012-03-21 08:43:30,2012-03-21 23:08:12,116.303503589,39.980002171,51882.0,14428,,
826533,163,2012-03-21 23:46:27,2012-03-22 09:24:29,116.4493427,39.980148886,34682.0,16885,,
826877,163,2012-03-22 09:48:34,2012-03-23 21:56:47,116.303417619,39.979888485,130093.0,14428,,
827045,163,2012-03-23 22:09:37,2012-03-25 11:24:41,116.449482725,39.980383962,134104.0,16885,,
827309,163,2012-03-25 11:40:53,2012-03-25 13:39:09,116.476605475,39.989037069,7096.0,17264,"User 163 will move from grid 17264 to grid 17451, at 2012-06-30 13:02:03.","User 163 will move from grid 17264 to grid 17451, at 2012-06-30 13:02:03."
827378,163,2012-03-25 13:39:29,2012-03-25 15:26:15,116.466309448,39.990065785,6406.0,17075,,
827535,163,2012-03-25 15:26:15,2012-03-25 16:31:53,116.450880719,39.993161104,3938.0,16886,,
827541,163,2012-03-25 16:31:53,2012-03-26 08:23:00,116.449014193,39.987989564,57067.0,16886,,
828078,163,2012-03-26 09:02:42,2012-03-26 20:41:30,116.303429077,39.979822466,41928.0,14428,,
828237,163,2012-03-26 20:53:40,2012-03-27 08:17:22,116.449482799,39.980365154,41022.0,16885,,
828636,163,2012-03-27 08:45:07,2012-03-27 19:53:42,116.3034919,39.979717267,40115.0,14428,,
828791,163,2012-03-27 20:05:17,2012-03-28 08:12:45,116.449445749,39.980256828,43648.0,16885,,
829256,163,2012-03-28 08:46:25,2012-03-28 20:18:36,116.303434201,39.980060669,41531.0,14428,"User 163 will move from grid 14428 to grid 16886, arriving around in about 4 months.","User 163 will move from grid 14428 to grid 16886, at 2012-07-23 22:14:54."
829441,163,2012-03-28 20:32:11,2012-03-29 08:17:47,116.449401748,39.980385064,42336.0,16885,,
830006,163,2012-03-29 08:56:21,2012-03-29 21:06:34,116.303405533,39.979936669,43813.0,14428,,
830148,163,2012-03-29 21:17:39,2012-03-30 09:12:08,116.449586679,39.980363673,42869.0,16885,,
830476,163,2012-03-30 09:35:08,2012-03-30 17:26:55,116.303371692,39.979857158,28307.0,14428,,
831356,163,2012-03-30 18:39:41,2012-03-30 22:28:05,116.274736354,39.908138875,13704.0,14042,"User 163 will move from grid 14042 to grid 16697, arriving around in about 2 months.","User 163 will move from grid 14042 to grid 16697, at 2012-05-21 21:01:57."
831972,163,2012-03-30 23:22:26,2012-03-31 08:16:52,116.449469654,39.980180196,32066.0,16885,,
832549,163,2012-03-31 08:58:57,2012-03-31 22:11:36,116.303426166,39.979785352,47559.0,14428,,
832768,163,2012-03-31 22:31:12,2012-04-01 10:54:35,116.444898917,39.98902073,44603.0,16697,,
849276,163,2012-04-21 06:17:46,2012-04-21 11:16:35,116.449488882,39.980271349,17929.0,16885,"User 163 will move from grid 16885 to grid 16886, at 2012-04-22 16:04:56.","User 163 will move from grid 16885 to grid 16886, at 2012-04-22 16:04:56."
849380,163,2012-04-21 11:23:15,2012-04-21 15:22:45,116.461448305,40.00717999,14370.0,17077,,
849640,163,2012-04-21 15:31:50,2012-04-22 12:11:46,116.450988933,39.988577747,74396.0,16886,,
849777,163,2012-04-22 12:17:51,2012-04-22 15:53:51,116.454791411,40.007074722,12960.0,16888,"User 163 will move from grid 16888 to grid 16691, at 2012-05-02 19:07:26.","User 163 will move from grid 16888 to grid 16691, at 2012-05-02 19:07:26."
850103,163,2012-04-22 16:04:56,2012-04-23 05:31:43,116.451100248,39.988806092,48407.0,16886,,
850290,163,2012-04-23 05:42:23,2012-04-23 07:47:39,116.303411195,39.979951418,7516.0,14428,,
851117,163,2012-04-23 08:51:43,2012-04-23 09:50:30,116.463303848,39.961990932,3527.0,17072,,
851529,163,2012-04-23 10:17:44,2012-04-23 21:20:58,116.303352154,39.979717723,39794.0,14428,,
851675,163,2012-04-23 21:31:23,2012-04-24 07:59:10,116.449449072,39.980251924,37667.0,16885,"User 163 will move from grid 16885 to grid 14617, at 2012-05-02 17:30:30.","User 163 will move from grid 16885 to grid 14617, at 2012-05-02 17:30:30."
852698,163,2012-04-24 09:25:00,2012-04-24 10:49:55,116.463247093,39.962016057,5095.0,17072,,
853206,163,2012-04-24 11:20:40,2012-04-24 22:33:37,116.303361318,39.979743381,40377.0,14428,"User 163 will move from grid 14428 to grid 15367, arriving around in about 2 months.","User 163 will move from grid 14428 to grid 15367, at 2012-06-30 18:51:46."
853342,163,2012-04-24 22:44:17,2012-04-25 08:06:25,116.449490023,39.980241382,33728.0,16885,,
853811,163,2012-04-25 08:40:55,2012-04-25 20:47:34,116.303330212,39.979970062,43599.0,14428,,
854732,163,2012-04-25 22:05:39,2012-04-26 08:06:03,116.449386125,39.980124549,36024.0,16885,,
855403,163,2012-04-26 08:54:48,2012-04-26 18:56:24,116.273994963,39.962035812,36096.0,14048,,
855964,163,2012-04-26 19:26:49,2012-04-27 08:49:45,116.449523828,39.980328292,48176.0,16885,,
856250,163,2012-04-27 09:08:20,2012-04-27 20:35:59,116.303268635,39.979610027,41259.0,14428,,
856426,163,2012-04-27 20:49:39,2012-04-28 08:50:17,116.449543109,39.980336982,43238.0,16885,,
856803,163,2012-04-28 09:17:27,2012-04-29 11:53:40,116.303251927,39.97993352,95773.0,14428,"User 163 will move from grid 14428 to grid 16697, arriving around in about 2 months.","User 163 will move from grid 14428 to grid 16697, at 2012-06-29 21:47:39."
856914,163,2012-04-29 12:01:35,2012-04-29 16:42:42,116.4615473,40.007104,16867.0,17077,,
857343,163,2012-04-29 16:53:02,2012-04-30 10:56:04,116.466495515,39.993454127,64982.0,17075,,
859105,163,2012-04-30 13:26:40,2012-04-30 14:08:15,115.985459669,40.357752685,2495.0,9367,"User 163 will move from grid 9367 to grid 9554, at 2012-04-30 14:43:05.","User 163 will move from grid 9367 to grid 9554, at 2012-04-30 14:43:05."
859728,163,2012-04-30 14:43:05,2012-04-30 15:51:35,115.991480669,40.340020548,4110.0,9554,,
860574,163,2012-04-30 16:32:19,2012-04-30 17:12:13,115.995012085,40.350584266,2394.0,9555,,
862240,163,2012-04-30 18:54:32,2012-05-01 14:26:47,116.449259574,39.980500087,70335.0,16885,,
862386,163,2012-05-01 14:33:22,2012-05-01 16:28:05,116.471185948,39.953036454,6883.0,17260,"User 163 will move from grid 17260 to grid 16886, arriving around in about 2 months.","User 163 will move from grid 17260 to grid 16886, at 2012-06-23 15:43:13."
862992,163,2012-05-01 17:05:50,2012-05-01 19:41:36,116.365262714,39.908244747,9346.0,15554,,
863314,163,2012-05-01 20:03:46,2012-05-02 17:30:30,116.449586198,39.980488556,77204.0,16885,,
863338,163,2012-05-02 17:30:30,2012-05-02 18:27:43,116.307622029,39.977338723,3433.0,14617,,
863423,163,2012-05-02 18:28:57,2012-05-02 19:07:26,116.454288605,39.93230643,2309.0,16880,,
863597,163,2012-05-02 19:07:26,2012-05-02 21:29:12,116.442728828,39.932148657,8506.0,16691,,
864792,163,2012-05-02 22:07:40,2012-05-03 08:01:38,116.449448876,39.980543128,35638.0,16885,,
865353,163,2012-05-03 08:43:44,2012-05-03 20:18:42,116.303494187,39.980007079,41698.0,14428,,
865547,163,2012-05-03 20:32:37,2012-05-04 08:17:04,116.449456711,39.980261669,42267.0,16885,"User 163 will move from grid 16885 to grid 18608, at 2012-06-01 17:30:56.","User 163 will move from grid 16885 to grid 18608, at 2012-06-01 17:30:56."
865978,163,2012-05-04 08:45:34,2012-05-05 11:23:30,116.303431226,39.97996612,95876.0,14428,,
866972,163,2012-05-05 12:57:05,2012-05-05 16:18:31,116.461475739,40.007154659,12086.0,17077,,
867065,163,2012-05-05 16:23:56,2012-05-06 07:34:00,116.461597616,39.998012874,54604.0,17076,,
915781,163,2012-05-16 18:59:07,2012-05-17 08:42:12,116.449366304,39.980075241,49385.0,16885,,
916168,163,2012-05-17 09:06:02,2012-05-17 21:48:04,116.303527346,39.979869786,45722.0,14428,,
916353,163,2012-05-17 22:02:14,2012-05-18 09:11:35,116.449428146,39.980230423,40161.0,16885,,
916894,163,2012-05-18 09:42:10,2012-05-18 20:33:41,116.303512389,39.980009,39091.0,14428,,
917087,163,2012-05-18 20:49:23,2012-05-19 13:20:35,116.449387014,39.980133308,59472.0,16885,"User 163 will move from grid 16885 to grid 16886, arriving around in about 2 months.","User 163 will move from grid 16885 to grid 16886, at 2012-07-15 18:35:40."
917280,163,2012-05-19 13:32:00,2012-05-19 17:50:34,116.466323442,40.009987934,15514.0,17077,,
917693,163,2012-05-19 18:27:29,2012-05-19 19:43:46,116.430672755,39.967994311,4577.0,16506,,
917856,163,2012-05-19 19:52:36,2012-05-21 08:52:10,116.449641723,39.980488678,133174.0,16885,,
918175,163,2012-05-21 09:13:55,2012-05-21 20:38:37,116.303390066,39.97979777,41082.0,14428,,
918402,163,2012-05-21 21:01:57,2012-05-22 08:16:23,116.445017843,39.988942333,40466.0,16697,,
918913,163,2012-05-22 08:51:53,2012-05-22 20:34:00,116.303402622,39.980000944,42127.0,14428,,
919075,163,2012-05-22 20:46:35,2012-05-23 08:04:12,116.449419756,39.980173726,40657.0,16885,,
919877,163,2012-05-23 09:02:27,2012-05-23 20:36:36,116.301744467,39.977800906,41649.0,14428,,
920107,163,2012-05-23 20:52:56,2012-05-24 08:48:16,116.449547004,39.980454532,42920.0,16885,"User 163 will move from grid 16885 to grid 17076, at 2012-07-01 17:54:06.","User 163 will move from grid 16885 to grid 17076, at 2012-07-01 17:54:06."
920625,163,2012-05-24 09:24:06,2012-05-24 20:44:13,116.303280236,39.979762133,40807.0,14428,,
920787,163,2012-05-24 20:56:53,2012-05-25 09:28:04,116.449437817,39.980287254,45071.0,16885,,
921205,163,2012-05-25 09:55:34,2012-05-25 17:39:04,116.303547882,39.97990231,27810.0,14428,,
921859,163,2012-05-25 18:44:20,2012-05-25 20:36:54,116.401699614,39.953122416,6754.0,16126,"User 163 will move from grid 16126 to grid 16697, arriving around in about 2 weeks, specifically next Sunday.","User 163 will move from grid 16126 to grid 16697, at 2012-06-10 17:16:19."
923253,163,2012-05-25 21:31:24,2012-05-26 16:00:07,116.449353014,39.980110499,66523.0,16885,,
923407,163,2012-05-26 16:07:57,2012-05-26 17:31:39,116.461394034,40.007101193,5022.0,17077,,
923593,163,2012-05-26 17:35:10,2012-05-26 19:56:47,116.461653539,39.997995897,8497.0,17076,,
923694,163,2012-05-26 19:59:07,2012-05-28 09:49:32,116.454284381,39.984075055,136225.0,16885,,
924215,163,2012-05-28 10:05:07,2012-05-28 20:27:30,116.303537641,39.979981202,37343.0,14428,,
924376,163,2012-05-28 20:40:00,2012-05-29 08:55:30,116.449503232,39.980322438,44130.0,16885,,
924876,163,2012-05-29 09:31:10,2012-05-30 09:47:58,116.303450201,39.979998223,87408.0,14428,,
925141,163,2012-05-30 10:08:38,2012-05-31 09:22:42,116.303407645,39.979928928,83644.0,14428,,
925393,163,2012-05-31 09:42:37,2012-05-31 20:06:10,116.303358143,39.979834351,37413.0,14428,"User 163 will move from grid 14428 to grid 17452, at 2012-07-14 11:39:00.","User 163 will move from grid 14428 to grid 17452, at 2012-07-14 11:39:00."
925591,163,2012-05-31 20:21:40,2012-06-01 09:55:07,116.449413632,39.980093844,48807.0,16885,"User 163 will move from grid 16885 to grid 17074, arriving around in about 4 weeks, specifically next Saturday.","User 163 will move from grid 16885 to grid 17074, at 2012-06-30 15:44:31."
925838,163,2012-06-01 10:11:27,2012-06-01 15:11:34,116.303441235,39.979999461,18007.0,14428,,
927001,163,2012-06-01 17:30:56,2012-06-01 19:30:26,116.560620766,40.179196595,7170.0,18608,,
928724,163,2012-06-01 20:51:01,2012-06-02 12:21:42,116.430905314,39.967957544,55841.0,16506,,
928841,163,2012-06-02 12:27:32,2012-06-02 12:59:15,116.461584556,39.997969084,1903.0,17076,,
928911,163,2012-06-02 12:59:15,2012-06-02 16:28:30,116.465435759,40.009272445,12555.0,17077,,
929125,163,2012-06-02 16:38:50,2012-06-04 09:11:42,116.467257786,39.989027244,145972.0,17075,,
929609,163,2012-06-04 09:40:27,2012-06-04 20:25:36,116.303449846,39.97990173,38709.0,14428,"User 163 will move from grid 14428 to grid 16695, arriving around in about 2 weeks, specifically next Friday.","User 163 will move from grid 14428 to grid 16695, at 2012-06-22 13:00:55."
929830,163,2012-06-04 20:42:26,2012-06-05 08:11:59,116.449347708,39.980216683,41373.0,16885,,
930375,163,2012-06-05 08:48:59,2012-06-05 19:45:40,116.303396126,39.979758839,39401.0,14428,,
930647,163,2012-06-05 20:06:38,2012-06-06 08:06:14,116.449338405,39.980148732,43176.0,16885,,
931131,163,2012-06-06 08:38:54,2012-06-06 19:47:13,116.303384937,39.980038656,40099.0,14428,,
931310,163,2012-06-06 20:01:13,2012-06-07 08:21:45,116.449405522,39.980278274,44432.0,16885,,
931780,163,2012-06-07 08:53:15,2012-06-08 08:10:42,116.303487087,39.979772249,83847.0,14428,,
932356,163,2012-06-08 09:00:38,2012-06-08 21:13:28,116.303411673,39.980015391,43970.0,14428,,
932584,163,2012-06-08 21:31:23,2012-06-09 14:49:12,116.44943972,39.980334407,62269.0,16885,,
932797,163,2012-06-09 14:58:51,2012-06-09 15:29:16,116.477448198,39.987535355,1825.0,17264,,
933041,163,2012-06-09 16:18:42,2012-06-10 14:10:06,116.447160938,39.989053597,78684.0,16886,,
933412,163,2012-06-10 14:13:49,2012-06-10 15:23:14,116.467435592,39.988959848,4165.0,17075,,
933824,163,2012-06-10 16:01:24,2012-06-10 16:57:06,116.4307323,39.967982977,3342.0,16506,,
934010,163,2012-06-10 17:16:19,2012-06-11 08:21:07,116.445278727,39.988789333,54288.0,16697,"User 163 will move from grid 16697 to grid 14808, arriving around in about 2 weeks, specifically next Sunday.","User 163 will move from grid 16697 to grid 14808, at 2012-06-24 14:43:14."
934493,163,2012-06-11 08:56:42,2012-06-12 20:55:40,116.303413107,39.97971412,129538.0,14428,"User 163 will move from grid 14428 to grid 17453, arriving around in the next month.","User 163 will move from grid 14428 to grid 17453, at 2012-07-14 14:11:15."
934682,163,2012-06-12 21:10:15,2012-06-13 08:33:27,116.449545366,39.980531855,40992.0,16885,,
935029,163,2012-06-13 08:59:17,2012-06-13 20:34:10,116.303406274,39.980019099,41693.0,14428,,
935231,163,2012-06-13 20:49:55,2012-06-14 07:50:58,116.449433538,39.980292481,39663.0,16885,"User 163 will move from grid 16885 to grid 16886, arriving around in the next month.","User 163 will move from grid 16885 to grid 16886, at 2012-07-15 20:18:05."
935988,163,2012-06-14 08:27:03,2012-06-14 19:57:10,116.303393455,39.979844469,41407.0,14428,,
936170,163,2012-06-14 20:11:25,2012-06-15 08:01:10,116.449577516,39.980422265,42585.0,16885,,
936919,163,2012-06-15 08:59:08,2012-06-15 20:42:36,116.303500307,39.979854975,42208.0,14428,,
937140,163,2012-06-15 21:00:11,2012-06-16 11:35:18,116.449443196,39.9802675,52507.0,16885,,
937244,163,2012-06-16 11:38:58,2012-06-16 14:55:56,116.467404758,39.988997857,11818.0,17075,,
937292,163,2012-06-16 14:56:06,2012-06-17 11:59:06,116.467621792,39.988907852,75780.0,17075,,
937440,163,2012-06-17 12:13:26,2012-06-17 14:19:54,116.483615458,39.971031684,7588.0,17451,"User 163 will move from grid 17451 to grid 16508, at 2012-06-22 11:08:15.","User 163 will move from grid 17451 to grid 16508, at 2012-06-22 11:08:15."
937672,163,2012-06-17 14:40:54,2012-06-17 16:54:16,116.461634098,39.989075038,8002.0,17075,,
938237,163,2012-06-17 16:55:56,2012-06-18 09:30:12,116.454404516,39.984133286,59656.0,16885,,
938557,163,2012-06-18 09:53:27,2012-06-18 21:36:34,116.303271491,39.979797507,42187.0,14428,,
938722,163,2012-06-18 21:49:14,2012-06-19 07:48:25,116.449443837,39.980308578,35951.0,16885,,
939166,163,2012-06-19 08:19:50,2012-06-19 20:22:06,116.303490275,39.979713398,43336.0,14428,,
939352,163,2012-06-19 20:36:16,2012-06-20 08:26:27,116.449497733,39.98027833,42611.0,16885,,
939812,163,2012-06-20 08:56:22,2012-06-20 20:08:45,116.303469284,39.979693892,40343.0,14428,,
939985,163,2012-06-20 20:22:05,2012-06-21 08:00:41,116.449516418,39.980374579,41916.0,16885,,
940469,163,2012-06-21 08:37:41,2012-06-21 20:34:28,116.303476282,39.979895212,43007.0,14428,,
940767,163,2012-06-21 21:03:42,2012-06-22 11:07:00,116.454533705,39.98401252,50598.0,16885,,
940865,163,2012-06-22 11:08:15,2012-06-22 12:35:06,116.431012496,39.992192883,5211.0,16508,,
941167,163,2012-06-22 13:00:55,2012-06-22 13:32:55,116.442799524,39.972661236,1920.0,16695,"User 163 will move from grid 16695 to grid 15179, arriving around in about 1 days, on 2012-06-23.","User 163 will move from grid 16695 to grid 15179, at 2012-06-23 18:25:56."
941213,163,2012-06-22 13:32:55,2012-06-23 15:04:10,116.443551214,39.973398769,91875.0,16695,,
941762,163,2012-06-23 15:43:13,2012-06-23 18:06:21,116.448051608,39.989016706,8588.0,16886,"User 163 will move from grid 16886 to grid 16695, at 2012-07-21 13:17:24.","User 163 will move from grid 16886 to grid 16695, at 2012-07-21 13:17:24."
942057,163,2012-06-23 18:25:56,2012-06-23 23:50:10,116.348077626,39.939158587,19454.0,15179,,
943445,163,2012-06-24 00:31:35,2012-06-24 14:26:12,116.449508816,39.980386641,50077.0,16885,,
943668,163,2012-06-24 14:43:14,2012-06-24 17:36:05,116.322057459,39.998136635,10371.0,14808,,
943783,163,2012-06-24 17:38:25,2012-06-24 20:06:44,116.325027483,39.996156415,8899.0,14808,,
944320,163,2012-06-24 20:35:54,2012-06-25 09:11:32,116.449378397,39.980144738,45338.0,16885,,
944526,163,2012-06-25 09:25:37,2012-06-25 11:40:54,116.427010656,40.043425725,8117.0,16514,"User 163 will move from grid 16514 to grid 16877, arriving around in about 3 weeks, specifically next Saturday.","User 163 will move from grid 16514 to grid 16877, at 2012-07-14 20:17:18."
944728,163,2012-06-25 11:55:29,2012-06-25 21:54:30,116.303424785,39.979992642,35941.0,14428,,
944879,163,2012-06-25 22:05:45,2012-06-26 09:02:30,116.449480453,39.980290528,39405.0,16885,,
945083,163,2012-06-26 09:16:30,2012-06-26 10:36:56,116.426634718,40.043083912,4826.0,16514,,
945557,163,2012-06-26 11:12:36,2012-06-27 07:38:04,116.303316881,39.979991438,73528.0,14428,,
945968,163,2012-06-27 08:11:09,2012-06-27 20:30:42,116.303494279,39.979683082,44373.0,14428,,
946150,163,2012-06-27 20:44:57,2012-06-28 09:35:47,116.449504101,39.980323279,46250.0,16885,,
946712,163,2012-06-28 10:05:47,2012-06-28 20:06:19,116.303421311,39.979918839,36032.0,14428,,
946948,163,2012-06-28 20:31:02,2012-06-29 07:48:28,116.459905283,39.980507231,40646.0,17074,,
947418,163,2012-06-29 08:26:53,2012-06-29 21:28:39,116.303452598,39.979941729,46906.0,14428,"User 163 will move from grid 14428 to grid 16324, arriving around in about 2 weeks, specifically next Sunday.","User 163 will move from grid 14428 to grid 16324, at 2012-07-15 12:16:04."
947622,163,2012-06-29 21:47:39,2012-06-30 11:00:12,116.445046124,39.988947859,47553.0,16697,"User 163 will move from grid 16697 to grid 16886, arriving around in about 2 weeks, specifically next Friday.","User 163 will move from grid 16697 to grid 16886, at 2012-07-13 21:52:51."
948091,163,2012-06-30 11:57:01,2012-06-30 12:48:31,116.431006712,39.991360931,3090.0,16508,,
948261,163,2012-06-30 13:02:03,2012-06-30 15:41:26,116.483633432,39.970895097,9563.0,17451,,
948341,163,2012-06-30 15:44:31,2012-06-30 18:17:36,116.466095384,39.982744539,9185.0,17074,,
948795,163,2012-06-30 18:51:46,2012-06-30 22:55:16,116.360456427,39.922522836,14610.0,15367,,
949083,163,2012-06-30 23:08:18,2012-07-01 17:43:26,116.447692501,39.989029255,66908.0,16886,,
949311,163,2012-07-01 17:54:06,2012-07-01 18:56:37,116.466391351,39.99765745,3751.0,17076,,
949477,163,2012-07-01 19:01:37,2012-07-02 09:58:08,116.454460121,39.984213167,53791.0,16885,,
949764,163,2012-07-02 10:21:55,2012-07-02 22:01:19,116.301945116,39.983342592,41964.0,14428,,
949940,163,2012-07-02 22:12:54,2012-07-03 09:03:05,116.449363169,39.980113615,39011.0,16885,,
950196,163,2012-07-03 09:21:55,2012-07-03 21:16:39,116.303265606,39.979889321,42884.0,14428,,
950395,163,2012-07-03 21:32:04,2012-07-04 09:21:56,116.449380347,39.980190575,42592.0,16885,,
950750,163,2012-07-04 09:48:16,2012-07-04 20:30:11,116.303342017,39.97992851,38515.0,14428,"User 163 will move from grid 14428 to grid 17260, at 2012-07-14 18:31:07.","User 163 will move from grid 14428 to grid 17260, at 2012-07-14 18:31:07."
950901,163,2012-07-04 20:41:56,2012-07-05 09:43:29,116.449478441,39.980339525,46893.0,16885,,
951236,163,2012-07-05 10:08:19,2012-07-05 21:05:41,116.30338828,39.980009994,39442.0,14428,"User 163 will move from grid 14428 to grid 16886, arriving around in about 1 weeks, specifically next Saturday.","User 163 will move from grid 14428 to grid 16886, at 2012-07-14 10:01:59."
951469,163,2012-07-05 21:23:46,2012-07-06 20:07:39,116.449301866,39.980070148,81833.0,16885,"User 163 will move from grid 16885 to grid 16888, at 2012-07-15 11:08:51.","User 163 will move from grid 16885 to grid 16888, at 2012-07-15 11:08:51."
951685,163,2012-07-06 20:23:14,2012-07-08 09:49:42,116.449510129,39.980276912,134788.0,16885,,
952013,163,2012-07-08 10:14:58,2012-07-08 12:58:12,116.451070581,39.989535509,9794.0,16886,,
952089,163,2012-07-08 12:58:12,2012-07-08 14:36:33,116.454703726,39.995758333,5901.0,16887,"User 163 will move from grid 16887 to grid 17452, arriving around in about 5 days, on 2012-07-14.","User 163 will move from grid 16887 to grid 17452, at 2012-07-14 13:30:29."
952271,163,2012-07-08 14:46:10,2012-07-08 15:55:23,116.466333119,39.992864021,4153.0,17075,,
952469,163,2012-07-08 16:12:07,2012-07-08 16:54:37,116.454906871,39.995756146,2550.0,16887,,
952910,163,2012-07-08 16:55:47,2012-07-09 09:31:49,116.454200493,39.9841266,59762.0,16885,,
953277,163,2012-07-09 09:59:39,2012-07-09 20:49:49,116.303429202,39.979709973,39010.0,14428,,
953417,163,2012-07-09 21:00:39,2012-07-10 07:35:14,116.44930558,39.980203841,38075.0,16885,,
953755,163,2012-07-10 07:58:39,2012-07-10 21:04:29,116.303374533,39.979971209,47150.0,14428,,
953960,163,2012-07-10 21:20:39,2012-07-11 09:08:26,116.449358033,39.980147511,42467.0,16885,,
954304,163,2012-07-11 09:32:31,2012-07-11 20:16:05,116.303410332,39.979782511,38614.0,14428,,
954469,163,2012-07-11 20:28:50,2012-07-12 09:10:29,116.449145289,39.980178927,45699.0,16885,,
954864,163,2012-07-12 09:36:19,2012-07-12 20:13:08,116.303438247,39.97976186,38209.0,14428,"User 163 will move from grid 14428 to grid 16886, at 2012-07-25 19:38:04.","User 163 will move from grid 14428 to grid 16886, at 2012-07-25 19:38:04."
955026,163,2012-07-12 20:25:48,2012-07-13 09:04:39,116.449413717,39.980172333,45531.0,16885,,
955634,163,2012-07-13 09:50:45,2012-07-13 20:50:31,116.303270561,39.980010215,39586.0,14428,,
955847,163,2012-07-13 21:07:01,2012-07-13 21:52:31,116.449309773,39.980082938,2730.0,16885,,
956230,163,2012-07-13 21:52:51,2012-07-14 09:43:59,116.448583848,39.98903506,42668.0,16886,,
956445,163,2012-07-14 10:01:59,2012-07-14 11:16:18,116.456944018,39.989107552,4459.0,16886,,
956878,163,2012-07-14 11:39:00,2012-07-14 12:49:03,116.489894826,39.984290359,4203.0,17452,,
956926,163,2012-07-14 12:49:03,2012-07-14 13:24:08,116.489938158,39.981322158,2105.0,17452,,
957197,163,2012-07-14 13:30:29,2012-07-14 14:11:15,116.490112498,39.984052608,2446.0,17452,,
957515,163,2012-07-14 14:11:15,2012-07-14 15:11:10,116.489897725,39.985753263,3595.0,17453,,
958374,163,2012-07-14 15:36:56,2012-07-14 18:11:57,116.472715631,39.989022312,9301.0,17264,,
958625,163,2012-07-14 18:31:07,2012-07-14 20:02:13,116.471028032,39.953017662,5466.0,17260,,
959039,163,2012-07-14 20:17:18,2012-07-14 20:52:54,116.454469849,39.913240024,2136.0,16877,,
959494,163,2012-07-14 21:09:11,2012-07-15 11:02:56,116.449641864,39.980474158,50025.0,16885,,
959737,163,2012-07-15 11:08:51,2012-07-15 12:08:24,116.454805918,40.007056817,3573.0,16888,,
960140,163,2012-07-15 12:16:04,2012-07-15 18:27:35,116.419100273,40.031334238,22291.0,16324,,
960280,163,2012-07-15 18:35:40,2012-07-15 19:17:40,116.456669837,39.989112514,2520.0,16886,"User 163 will move from grid 16886 to grid 16886, arriving around later today, in the evening.","User 163 will move from grid 16886 to grid 16886, at 2012-07-15 19:27:00."
960521,163,2012-07-15 19:27:00,2012-07-15 20:18:05,116.451429692,39.989111281,3065.0,16886,,
961081,163,2012-07-15 20:18:05,2012-07-16 07:51:11,116.447710137,39.989049588,41586.0,16886,,
962033,163,2012-07-16 08:22:31,2012-07-16 20:38:33,116.303296208,39.979763439,44162.0,14428,,
962256,163,2012-07-16 20:56:28,2012-07-17 07:42:19,116.449563462,39.980426934,38751.0,16885,,
962589,163,2012-07-17 08:07:04,2012-07-17 20:39:09,116.30338704,39.98000254,45125.0,14428,,
962762,163,2012-07-17 20:52:58,2012-07-18 07:49:45,116.449412534,39.980200762,39407.0,16885,,
963104,163,2012-07-18 08:15:30,2012-07-18 20:24:39,116.303410956,39.980039494,43749.0,14428,,
963332,163,2012-07-18 20:42:34,2012-07-19 08:21:57,116.449308752,39.980262263,41963.0,16885,,
963656,163,2012-07-19 08:46:07,2012-07-19 20:09:02,116.303331956,39.979751269,40975.0,14428,,
963822,163,2012-07-19 20:21:52,2012-07-20 08:15:09,116.449259166,39.980134123,42797.0,16885,,
964193,163,2012-07-20 08:42:59,2012-07-20 21:31:29,116.303372701,39.98005398,46110.0,14428,"User 163 will move from grid 14428 to grid 16886, arriving around in about 1 days, on 2012-07-22.","User 163 will move from grid 14428 to grid 16886, at 2012-07-22 18:40:11."
964374,163,2012-07-20 21:45:24,2012-07-21 12:59:54,116.44964749,39.980492667,54870.0,16885,,
964547,163,2012-07-21 13:17:24,2012-07-21 17:46:54,116.441365449,39.971016052,16170.0,16695,,
964712,163,2012-07-21 18:16:09,2012-07-22 17:34:05,116.449510214,39.980287678,83876.0,16885,,
965257,163,2012-07-22 18:40:11,2012-07-23 07:51:57,116.450964865,39.989047107,47506.0,16886,,
965742,163,2012-07-23 08:28:02,2012-07-23 21:46:39,116.303395693,39.979738777,47917.0,14428,,
965954,163,2012-07-23 22:14:54,2012-07-24 08:01:38,116.454564075,39.986692335,35204.0,16886,,
966305,163,2012-07-24 08:25:08,2012-07-24 20:46:02,116.303294551,39.980026131,44454.0,14428,,
966486,163,2012-07-24 20:59:58,2012-07-25 08:02:08,116.449469532,39.980252496,39730.0,16885,,
967091,163,2012-07-25 08:25:33,2012-07-25 19:03:05,116.30336566,39.979769544,38252.0,14428,,
967506,163,2012-07-25 19:38:04,2012-07-26 08:01:11,116.45105142,39.989016849,44587.0,16886,,
967987,163,2012-07-26 08:26:49,2012-07-27 08:07:05,116.303345307,39.97975586,85216.0,14428,,
